0 0.268131 0.534966 0.12807 0.155223
0 0.277739 0.534604 0.202369 0.169929
1 0.777477 0.67173 0.0420916 0.0295062
1 0.608543 0.318154 0.0571373 0.040727
2 0.269258 0.535294 0.12339 0.153863
4 0.270901 0.535836 0.127128 0.153902
1 0.238039 0.986372 0.126307 0.027212
3 0.269258 0.535294 0.12339 0.153863
1 0.269258 0.535294 0.12339 0.153863
3 0.255577 0.986663 0.153385 0.0266424
0 0.271528 0.540015 0.0778477 0.0699208
0 0.244725 0.988939 0.124337 0.0221211
1 0.822568 0.253362 0.0636704 0.0367668
1 0.230568 0.988313 0.0885973 0.0220253
0 0.275358 0.990695 0.156983 0.0184582
1 0.258694 0.989768 0.138012 0.0204644
1 0.971664 0.458399 0.0566721 0.0626893
2 0.244725 0.988939 0.124337 0.0221211
3 0.778681 0.378037 0.442639 0.22021
3 0.782783 0.404891 0.434435 0.451525
