0 0.427253 0.48646 0.423069 0.757449
1 0.299385 0.923068 0.0377388 0.0414545
1 0.311085 0.919631 0.0352393 0.0437342
2 0.427253 0.48646 0.423069 0.757449
0 0.348981 0.542614 0.536175 0.914771
1 0.118813 0.989203 0.0565907 0.0210995
1 0.427253 0.48646 0.423069 0.757449
0 0.970804 0.638601 0.0572008 0.336432
1 0.292161 0.928579 0.0280017 0.0323946
1 0.259938 0.984509 0.143557 0.0304409
1 0.300538 0.92325 0.0520704 0.0552485
1 0.346238 0.91061 0.0319473 0.0489662
3 0.427253 0.48646 0.423069 0.757449
1 0.341155 0.982499 0.106534 0.0322291
4 0.427253 0.48646 0.423069 0.757449
0 0.427116 0.632893 0.481174 0.734215
0 0.976589 0.664005 0.0468213 0.239213
2 0.969331 0.665293 0.0613167 0.289469
0 0.968427 0.711811 0.0631459 0.369448
1 0.319006 0.917004 0.03619 0.0402647
1 0.245232 0.985484 0.0871388 0.0290325
1 0.334312 0.982906 0.0561808 0.031037
1 0.287352 0.983113 0.103551 0.0302786
4 0.970804 0.638601 0.0572008 0.336432
2 0.971674 0.591349 0.0558734 0.356944
1 0.970804 0.638601 0.0572008 0.336432
1 0.360409 0.978387 0.198664 0.0423262
