0 0.490865 0.414378 0.339658 0.630756
2 0.606456 0.232383 0.0581637 0.0656149
2 0.55703 0.840603 0.388626 0.302058
2 0.950051 0.969255 0.0998979 0.0614896
2 0.516054 0.385045 0.371498 0.67346
0 0.547242 0.419874 0.435155 0.792112
0 0.484828 0.45351 0.283843 0.416606
2 0.914692 0.972276 0.170615 0.0553989
1 0.606456 0.232383 0.0581637 0.0656149
2 0.963026 0.97597 0.0739479 0.0471068
2 0.932089 0.959656 0.135821 0.0806873
0 0.468069 0.51947 0.159692 0.201393
1 0.48844 0.382731 0.378846 0.672087
2 0.962315 0.839964 0.0753701 0.236867
0 0.557696 0.478406 0.597847 0.956813
3 0.492411 0.413246 0.344824 0.63464
3 0.55703 0.840603 0.388626 0.302058
2 0.605352 0.874608 0.335532 0.231296
0 0.479998 0.514962 0.193153 0.352439
1 0.908744 0.452863 0.087751 0.131331
1 0.911784 0.458592 0.124751 0.168474
2 0.944346 0.863616 0.111309 0.263376
2 0.964747 0.943136 0.0705054 0.113728
0 0.444947 0.515153 0.26866 0.497164
2 0.87247 0.977957 0.235064 0.0440864
0 0.545322 0.418111 0.368057 0.481878
2 0.620749 0.966997 0.194878 0.0660065
0 0.606456 0.232383 0.0581637 0.0656149
0 0.443533 0.513545 0.398582 0.64776
2 0.557669 0.479575 0.529691 0.959151
2 0.98224 0.963895 0.0355208 0.0722107
2 0.584033 0.966804 0.409029 0.0663927
3 0.932089 0.959656 0.135821 0.0806873
3 0.898645 0.971386 0.202709 0.0572275
4 0.48844 0.382731 0.378846 0.672087
2 0.578892 0.926588 0.401927 0.138892
2 0.65871 0.974636 0.292141 0.0500081
