2 0.541288 0.550114 0.0813766 0.152535
2 0.543651 0.546284 0.0584979 0.126717
0 0.541953 0.550428 0.0817722 0.15049
2 0.538739 0.51307 0.0896247 0.202619
4 0.542602 0.550303 0.0810826 0.151674
1 0.541288 0.550114 0.0813766 0.152535
4 0.969247 0.52905 0.0615065 0.485827
3 0.542463 0.55192 0.0819166 0.154207
2 0.559246 0.53974 0.169912 0.307209
2 0.536967 0.565633 0.0578585 0.121544
4 0.962364 0.622447 0.0752723 0.331358
4 0.985351 0.522251 0.029298 0.33963
2 0.535437 0.525333 0.056396 0.118422
4 0.954944 0.467665 0.0901118 0.603856
