0 0.591074 0.495111 0.464369 0.488825
1 0.591469 0.49505 0.466959 0.489312
0 0.709205 0.447465 0.226029 0.383948
4 0.591469 0.49505 0.466959 0.489312
0 0.522125 0.55834 0.333861 0.301207
2 0.589476 0.491284 0.461854 0.480814
2 0.0258546 0.284236 0.0499329 0.305162
2 0.0360743 0.345211 0.0703759 0.446119
0 0.732767 0.412503 0.164775 0.308818
2 0.979937 0.798368 0.0401255 0.240943
2 0.021733 0.232948 0.0434659 0.185935
3 0.589476 0.491284 0.461854 0.480814
2 0.0497086 0.778983 0.0981733 0.219802
2 0.0554082 0.458771 0.110721 0.681452
4 0.0476428 0.461395 0.0924321 0.684934
4 0.0423315 0.358217 0.0793686 0.457391
3 0.0476428 0.461395 0.0924321 0.684934
