0 0.537028 0.553754 0.322252 0.120992
2 0.532784 0.553811 0.322786 0.117541
4 0.533166 0.550549 0.326128 0.115888
2 0.35545 0.0152057 0.312648 0.0300345
0 0.581541 0.541747 0.249434 0.103793
1 0.537372 0.553892 0.326297 0.119164
3 0.532756 0.554069 0.321466 0.118626
2 0.456075 0.0233172 0.534336 0.0466344
2 0.353935 0.0215303 0.360957 0.0430607
2 0.444154 0.0140581 0.400003 0.0281162
1 0.35545 0.0152057 0.312648 0.0300345
2 0.548849 0.0144798 0.371211 0.0289596
3 0.472021 0.337727 0.758252 0.462788
0 0.35545 0.0152057 0.312648 0.0300345
1 0.456075 0.0233172 0.534336 0.0466344
2 0.461357 0.0385629 0.566588 0.0771258
3 0.361865 0.466476 0.723729 0.730133
4 0.456075 0.0233172 0.534336 0.0466344
0 0.456075 0.0233172 0.534336 0.0466344
1 0.353935 0.0215303 0.360957 0.0430607
