0 0.419264 0.514776 0.516771 0.324072
0 0.473757 0.429225 0.63163 0.560673
3 0.50094 0.47016 0.589147 0.493197
1 0.447322 0.189034 0.364559 0.329844
0 0.352791 0.48351 0.399448 0.250501
1 0.407742 0.221592 0.545758 0.443183
2 0.444657 0.668905 0.230838 0.132438
2 0.295112 0.958613 0.101587 0.0821025
3 0.44295 0.52093 0.582085 0.349567
2 0.524708 0.381014 0.550828 0.600035
1 0.44295 0.52093 0.582085 0.349567
1 0.50094 0.47016 0.589147 0.493197
2 0.44295 0.52093 0.582085 0.349567
0 0.491755 0.551694 0.629267 0.427113
4 0.44295 0.52093 0.582085 0.349567
2 0.218655 0.910705 0.211473 0.170448
2 0.456606 0.623946 0.491895 0.271259
2 0.461763 0.272032 0.591568 0.544065
2 0.457612 0.636793 0.324296 0.193232
1 0.408081 0.151951 0.344667 0.231265
0 0.299793 0.451023 0.321345 0.212931
0 0.415038 0.324055 0.668661 0.610546
1 0.457567 0.143991 0.494042 0.271342
1 0.408456 0.167492 0.181021 0.123282
2 0.569319 0.0246394 0.114796 0.0492788
1 0.477186 0.0327498 0.50265 0.0654995
1 0.393956 0.171177 0.111902 0.111307
3 0.564525 0.373809 0.586294 0.666146
2 0.311019 0.964416 0.159854 0.0711675
1 0.518296 0.273324 0.614616 0.543221
1 0.527224 0.0280311 0.325474 0.0560621
2 0.524232 0.969613 0.683693 0.0607743
0 0.48078 0.575889 0.435155 0.338482
4 0.560698 0.0241152 0.121479 0.0482305
1 0.568465 0.0247575 0.116115 0.0493628
3 0.545804 0.393639 0.463737 0.499561
3 0.412858 0.269308 0.639728 0.529928
