1 0.402434 0.449844 0.359025 0.297804
0 0.40163 0.449974 0.356188 0.300696
1 0.221165 0.863033 0.111234 0.0894823
1 0.353926 0.10667 0.055055 0.0570237
1 0.945396 0.35666 0.0351011 0.0389946
1 0.485208 0.845781 0.096694 0.0926702
2 0.403541 0.449589 0.35212 0.295052
1 0.416298 0.459747 0.235802 0.263669
1 0.94481 0.358212 0.0472545 0.0495351
1 0.577477 0.384788 0.0754143 0.0395759
1 0.47415 0.648704 0.795337 0.702591
1 0.449742 0.715709 0.166327 0.109965
3 0.40163 0.449974 0.356188 0.300696
0 0.322353 0.417661 0.297333 0.357031
1 0.21341 0.867539 0.0744369 0.0673365
4 0.403541 0.449589 0.35212 0.295052
1 0.840604 0.405446 0.0269685 0.0224915
1 0.343927 0.783104 0.233283 0.173659
1 0.45465 0.719581 0.706264 0.505477
1 0.418824 0.7392 0.242828 0.162935
1 0.45277 0.719068 0.330499 0.226555
1 0.239215 0.848509 0.124777 0.0898129
2 0.322353 0.417661 0.297333 0.357031
1 0.373573 0.765071 0.346849 0.237102
1 0.952331 0.351984 0.0353019 0.0380623
1 0.470706 0.699917 0.14917 0.0848201
1 0.406237 0.733561 0.510269 0.33842
2 0.458901 0.57561 0.799153 0.828388
1 0.322353 0.417661 0.297333 0.357031
1 0.821031 0.435689 0.0260966 0.0235642
0 0.458901 0.57561 0.799153 0.828388
1 0.365838 0.113263 0.08321 0.0832286
4 0.458901 0.57561 0.799153 0.828388
1 0.936343 0.365646 0.0537502 0.0465456
