0 0.373407 0.706196 0.284828 0.336771
3 0.582207 0.350721 0.705892 0.266485
0 0.391331 0.726127 0.195283 0.28135
4 0.540723 0.359574 0.805373 0.266495
0 0.431102 0.730857 0.309359 0.331024
2 0.540215 0.354654 0.801482 0.272798
2 0.374805 0.706352 0.289431 0.338829
1 0.374805 0.706352 0.289431 0.338829
4 0.370562 0.707228 0.274955 0.334071
4 0.482731 0.36473 0.429857 0.256521
0 0.440233 0.752904 0.581169 0.446614
3 0.374805 0.706352 0.289431 0.338829
0 0.540215 0.354654 0.801482 0.272798
3 0.705343 0.335042 0.469728 0.204468
1 0.540215 0.354654 0.801482 0.272798
3 0.481996 0.363712 0.435009 0.25035
