0 0.639647 0.461218 0.339046 0.292815
4 0.644696 0.462912 0.324227 0.28866
0 0.539064 0.462102 0.551574 0.307671
0 0.479181 0.451368 0.233004 0.128121
0 0.484138 0.466264 0.65449 0.440024
0 0.483751 0.446692 0.139829 0.0853141
0 0.484302 0.51587 0.785703 0.661603
0 0.469743 0.458265 0.109188 0.0726001
2 0.640162 0.462276 0.337063 0.292468
0 0.457694 0.467089 0.410304 0.184419
0 0.465866 0.472007 0.132653 0.0916319
1 0.640162 0.462276 0.337063 0.292468
4 0.484302 0.51587 0.785703 0.661603
3 0.644696 0.462912 0.324227 0.28866
2 0.138639 0.286612 0.26033 0.364299
0 0.664753 0.401416 0.281628 0.193877
4 0.539064 0.462102 0.551574 0.307671
2 0.187483 0.333572 0.325891 0.310093
4 0.484138 0.466264 0.65449 0.440024
