0 0.487437 0.485792 0.325217 0.350372
4 0.486867 0.488047 0.31769 0.357194
3 0.578211 0.287522 0.647753 0.575044
3 0.548635 0.0446071 0.584361 0.0881633
3 0.548394 0.0671417 0.65926 0.133955
2 0.488566 0.485608 0.324095 0.349075
1 0.488566 0.485608 0.324095 0.349075
3 0.543686 0.123543 0.738302 0.247085
3 0.531317 0.0413905 0.375052 0.082781
0 0.506417 0.547746 0.278313 0.247722
3 0.48716 0.483967 0.32499 0.353015
0 0.47959 0.39526 0.357154 0.573962
0 0.496164 0.574419 0.270856 0.409486
0 0.578211 0.287522 0.647753 0.575044
