0 0.486112 0.503981 0.162357 0.116766
1 0.490361 0.50324 0.158229 0.118848
4 0.529542 0.594555 0.442908 0.25972
2 0.489848 0.504024 0.150656 0.111935
4 0.248118 0.217835 0.174666 0.125595
2 0.529542 0.594555 0.442908 0.25972
2 0.497054 0.507046 0.217905 0.137414
3 0.487477 0.504153 0.160621 0.114982
4 0.487477 0.504153 0.160621 0.114982
4 0.406466 0.129727 0.727855 0.259454
3 0.406466 0.129727 0.727855 0.259454
3 0.531701 0.596439 0.433615 0.264541
0 0.528718 0.59482 0.452065 0.25942
3 0.518147 0.181767 0.690008 0.360564
1 0.531018 0.591051 0.461947 0.263536
2 0.462574 0.183747 0.697092 0.367494
4 0.250116 0.028106 0.359872 0.0526666
4 0.342175 0.0811341 0.615058 0.162268
4 0.248262 0.0166591 0.32953 0.0323849
2 0.520331 0.496119 0.14969 0.124127
3 0.510628 0.979539 0.219227 0.0409222
4 0.533546 0.650102 0.444178 0.188937
