0 0.477536 0.45062 0.427195 0.637005
0 0.953247 0.541397 0.0935051 0.618815
2 0.953247 0.541397 0.0935051 0.618815
2 0.96704 0.474754 0.0659199 0.522302
0 0.404925 0.514563 0.43096 0.562684
0 0.96704 0.474754 0.0659199 0.522302
1 0.968054 0.414527 0.0638927 0.469263
1 0.964907 0.536166 0.0701864 0.603
1 0.478155 0.451996 0.431605 0.636334
0 0.447093 0.486677 0.350696 0.414712
0 0.954615 0.408855 0.0907694 0.468691
3 0.478155 0.451996 0.431605 0.636334
4 0.478155 0.451996 0.431605 0.636334
0 0.607992 0.456469 0.780233 0.879506
2 0.954615 0.408855 0.0907694 0.468691
