0 0.478882 0.434454 0.153227 0.12358
0 0.456643 0.451407 0.204352 0.169749
0 0.488555 0.431891 0.204492 0.154446
2 0.448408 0.479308 0.218885 0.218069
3 0.437634 0.483588 0.23028 0.24781
2 0.477348 0.43771 0.14852 0.124607
1 0.478662 0.434701 0.15348 0.125063
3 0.478662 0.434701 0.15348 0.125063
0 0.479314 0.41603 0.122346 0.110432
1 0.437223 0.486741 0.231318 0.241181
0 0.437634 0.483588 0.23028 0.24781
4 0.478662 0.434701 0.15348 0.125063
0 0.474551 0.420337 0.241108 0.246735
4 0.448408 0.479308 0.218885 0.218069
0 0.476959 0.439829 0.078139 0.0678031
2 0.471227 0.434815 0.206439 0.153767
3 0.462815 0.443611 0.212715 0.165824
1 0.462815 0.443611 0.212715 0.165824
3 0.393265 0.507494 0.256362 0.206568
4 0.592436 0.306436 0.10402 0.091553
