0 0.35344 0.420267 0.433587 0.243132
4 0.48249 0.897641 0.45359 0.204718
1 0.574193 0.806564 0.080267 0.059137
1 0.54714 0.822263 0.299645 0.184705
1 0.514436 0.879954 0.549928 0.240092
4 0.480495 0.840028 0.492443 0.319944
2 0.354109 0.420191 0.431238 0.241184
0 0.349621 0.422285 0.234478 0.216121
3 0.354338 0.418828 0.426968 0.242576
1 0.354109 0.420191 0.431238 0.241184
4 0.354109 0.420191 0.431238 0.241184
1 0.952724 0.989973 0.0748576 0.020055
1 0.525768 0.916634 0.0522475 0.0546346
1 0.357114 0.765363 0.0968449 0.0721765
1 0.537013 0.926303 0.0520129 0.0271522
4 0.54714 0.822263 0.299645 0.184705
1 0.514872 0.894664 0.201826 0.109194
1 0.525955 0.915667 0.0425716 0.0281935
1 0.576388 0.814356 0.451287 0.221488
