0 0.773504 0.436094 0.297628 0.339422
4 0.774223 0.437598 0.301733 0.342821
2 0.391963 0.4716 0.751115 0.601448
3 0.473913 0.461451 0.936674 0.649045
2 0.773635 0.424737 0.293544 0.342643
0 0.772373 0.496286 0.407624 0.51726
0 0.802011 0.39748 0.305697 0.494184
1 0.773635 0.424737 0.293544 0.342643
4 0.473913 0.461451 0.936674 0.649045
4 0.772373 0.496286 0.407624 0.51726
3 0.774223 0.437598 0.301733 0.342821
4 0.843459 0.448632 0.313083 0.476022
4 0.668522 0.461249 0.662957 0.737326
4 0.80603 0.357012 0.334298 0.525969
3 0.344652 0.464295 0.659557 0.550873
2 0.560222 0.457833 0.879557 0.711111
3 0.772232 0.495671 0.420428 0.521494
0 0.473913 0.461451 0.936674 0.649045
2 0.162658 0.446633 0.290227 0.31272
2 0.772232 0.495671 0.420428 0.521494
1 0.805498 0.359825 0.332256 0.518322
0 0.669492 0.460482 0.661016 0.722025
1 0.599316 0.461796 0.801368 0.746736
2 0.805498 0.359825 0.332256 0.518322
4 0.339131 0.462718 0.649357 0.532846
