2 0.417438 0.5729 0.117939 0.0806978
1 0.48486 0.46627 0.0479187 0.0439895
0 0.418743 0.57233 0.11378 0.0819435
1 0.420645 0.57182 0.1188 0.0833598
2 0.419135 0.571128 0.0796313 0.0699072
1 0.935027 0.873274 0.0259575 0.0211733
1 0.474879 0.975972 0.40853 0.0480556
4 0.418783 0.57246 0.113356 0.0831285
1 0.483243 0.980049 0.253429 0.0399021
0 0.414889 0.571023 0.0793451 0.0684917
3 0.419059 0.572214 0.115295 0.0822677
1 0.676935 0.277001 0.0304975 0.0211603
1 0.92504 0.535136 0.0295357 0.0245267
1 0.505473 0.982302 0.16884 0.035397
1 0.820854 0.360997 0.0403691 0.0351741
1 0.462906 0.962697 0.669967 0.074606
1 0.565598 0.117495 0.0285558 0.0280318
1 0.778353 0.0253212 0.0382028 0.0258864
1 0.739102 0.67321 0.0359055 0.0344963
2 0.48486 0.46627 0.0479187 0.0439895
1 0.472174 0.466084 0.0764692 0.0570225
2 0.474879 0.975972 0.40853 0.0480556
0 0.48486 0.46627 0.0479187 0.0439895
1 0.420214 0.0618136 0.0271539 0.0315832
1 0.953876 0.768062 0.0277928 0.0186093
1 0.495089 0.460196 0.0631771 0.0529414
1 0.419135 0.571128 0.0796313 0.0699072
3 0.48486 0.46627 0.0479187 0.0439895
1 0.477144 0.473467 0.0569083 0.0525942
0 0.474879 0.975972 0.40853 0.0480556
4 0.474879 0.975972 0.40853 0.0480556
1 0.464376 0.946244 0.876891 0.105187
