0 0.434552 0.548721 0.210146 0.20343
1 0.610343 0.982737 0.110902 0.0331583
1 0.306815 0.0357463 0.0648738 0.0714926
3 0.514409 0.965696 0.299493 0.0686086
1 0.0377149 0.912869 0.0341116 0.0441086
4 0.911155 0.362647 0.17769 0.103598
1 0.579838 0.978486 0.205251 0.0430273
1 0.646432 0.102781 0.0267708 0.0311072
0 0.646432 0.102781 0.0267708 0.0311072
1 0.610389 0.976402 0.127435 0.0471968
4 0.915543 0.885565 0.168915 0.228871
2 0.910964 0.361382 0.178071 0.107768
0 0.599947 0.982272 0.112337 0.0347328
1 0.520484 0.969532 0.315745 0.0609351
2 0.608801 0.982574 0.105549 0.0341997
1 0.605637 0.98436 0.0543643 0.0280253
2 0.579838 0.978486 0.205251 0.0430273
0 0.579838 0.978486 0.205251 0.0430273
4 0.520484 0.969532 0.315745 0.0609351
2 0.520484 0.969532 0.315745 0.0609351
1 0.0334204 0.911513 0.0548703 0.0609719
0 0.520484 0.969532 0.315745 0.0609351
4 0.434873 0.548598 0.20942 0.20269
4 0.935803 0.787396 0.125533 0.422403
1 0.297307 0.0240385 0.0628608 0.048077
3 0.520386 0.966913 0.179987 0.0661743
2 0.942532 0.981364 0.114937 0.0372722
1 0.0200493 0.617294 0.0395089 0.135212
4 0.579838 0.978486 0.205251 0.0430273
0 0.615006 0.986318 0.0934337 0.0257742
4 0.949622 0.870253 0.0978922 0.253414
1 0.643256 0.978608 0.207139 0.0427836
2 0.915705 0.901599 0.16859 0.196802
4 0.891073 0.826073 0.217854 0.347854
4 0.608801 0.982574 0.105549 0.0341997
0 0.447807 0.565427 0.187143 0.138779
3 0.489241 0.956882 0.389325 0.0833042
1 0.642261 0.982069 0.140037 0.0349991
2 0.925944 0.970323 0.148112 0.059354
0 0.628381 0.983102 0.119875 0.0335854
4 0.944567 0.919216 0.10871 0.161569
2 0.434873 0.548598 0.20942 0.20269
1 0.434892 0.549109 0.211196 0.198653
1 0.628744 0.987911 0.121612 0.0232673
4 0.489241 0.956882 0.389325 0.0833042
3 0.608801 0.982574 0.105549 0.0341997
2 0.605506 0.985962 0.0756141 0.0253746
2 0.610389 0.976402 0.127435 0.0471968
4 0.828397 0.883899 0.343205 0.232202
1 0.489241 0.956882 0.389325 0.0833042
0 0.610389 0.976402 0.127435 0.0471968
1 0.647189 0.098815 0.0324579 0.0532062
1 0.302971 0.0153606 0.0447935 0.0307213
4 0.643256 0.978608 0.207139 0.0427836
4 0.925944 0.970323 0.148112 0.059354
4 0.765847 0.938549 0.468307 0.122902
3 0.579838 0.978486 0.205251 0.0430273
1 0.615321 0.969951 0.16465 0.0532742
1 0.0262421 0.61447 0.0514361 0.174588
2 0.331651 0.961464 0.135177 0.0770727
2 0.646432 0.102781 0.0267708 0.0311072
1 0.0336836 0.921675 0.0436426 0.0611618
3 0.434892 0.549109 0.211196 0.198653
4 0.863178 0.659822 0.261039 0.216354
2 0.923467 0.845619 0.151148 0.308762
2 0.0200493 0.617294 0.0395089 0.135212
1 0.59708 0.986422 0.0824128 0.0241913
4 0.963577 0.786298 0.0679642 0.389354
2 0.944567 0.919216 0.10871 0.161569
2 0.489241 0.956882 0.389325 0.0833042
1 0.0253725 0.928215 0.0436591 0.0899849
4 0.331651 0.961464 0.135177 0.0770727
4 0.950331 0.975212 0.0990112 0.0495751
4 0.893627 0.961303 0.210784 0.0773945
4 0.906384 0.927281 0.187232 0.138922
