0 0.488662 0.551862 0.270303 0.114322
2 0.490931 0.554054 0.268584 0.117657
3 0.516941 0.435983 0.966118 0.823233
2 0.418801 0.958501 0.487586 0.080892
0 0.468199 0.9546 0.477544 0.0907991
4 0.516941 0.435983 0.966118 0.823233
3 0.490931 0.554054 0.268584 0.117657
2 0.480512 0.604703 0.811589 0.510486
2 0.522954 0.466057 0.921555 0.880801
4 0.490931 0.554054 0.268584 0.117657
1 0.490931 0.554054 0.268584 0.117657
2 0.448661 0.545755 0.371904 0.193768
3 0.608891 0.599081 0.0727229 0.0255001
2 0.448517 0.561521 0.526556 0.313974
2 0.520466 0.948002 0.58779 0.103996
2 0.484308 0.591248 0.37976 0.207059
3 0.521286 0.611903 0.902554 0.601115
1 0.408809 0.956937 0.46231 0.0859116
4 0.46573 0.95897 0.480881 0.0804491
2 0.416191 0.870132 0.631577 0.259737
0 0.521325 0.939451 0.612987 0.120919
0 0.519669 0.605673 0.79982 0.528612
4 0.574339 0.617174 0.851322 0.765653
3 0.594668 0.593663 0.0934218 0.0408762
4 0.519669 0.605673 0.79982 0.528612
0 0.522954 0.466057 0.921555 0.880801
2 0.533473 0.544256 0.22893 0.100368
3 0.562856 0.570717 0.673023 0.470977
2 0.574339 0.617174 0.851322 0.765653
2 0.388537 0.957234 0.236943 0.0820862
0 0.448661 0.545755 0.371904 0.193768
2 0.34133 0.944835 0.580797 0.106909
3 0.608144 0.544353 0.783711 0.911293
0 0.484866 0.533122 0.216974 0.0986755
2 0.477147 0.726544 0.954294 0.541234
0 0.446829 0.968968 0.380129 0.0604069
2 0.413214 0.968717 0.331821 0.0605497
4 0.594461 0.831001 0.80185 0.337997
3 0.517932 0.595103 0.411767 0.21367
3 0.468199 0.9546 0.477544 0.0907991
0 0.357119 0.959512 0.526087 0.0797821
3 0.559351 0.567334 0.336545 0.135027
2 0.444159 0.562743 0.21611 0.104325
1 0.520466 0.948002 0.58779 0.103996
1 0.516941 0.435983 0.966118 0.823233
4 0.521325 0.939451 0.612987 0.120919
0 0.517932 0.595103 0.411767 0.21367
0 0.575837 0.966903 0.685314 0.0657911
2 0.4694 0.92464 0.546139 0.150721
0 0.591442 0.13214 0.586444 0.248345
2 0.414386 0.566023 0.146103 0.0903602
2 0.559351 0.567334 0.336545 0.135027
2 0.591442 0.13214 0.586444 0.248345
2 0.616833 0.600028 0.0672417 0.0234673
2 0.390598 0.527546 0.781197 0.801333
2 0.575837 0.966903 0.685314 0.0657911
4 0.596558 0.172169 0.755531 0.327833
4 0.591442 0.13214 0.586444 0.248345
1 0.519669 0.605673 0.79982 0.528612
0 0.363049 0.958009 0.312308 0.0837892
2 0.423046 0.571192 0.328604 0.120125
0 0.478223 0.868066 0.611676 0.263869
2 0.480932 0.504146 0.467715 0.274324
2 0.594461 0.831001 0.80185 0.337997
0 0.444159 0.562743 0.21611 0.104325
3 0.448661 0.545755 0.371904 0.193768
0 0.448517 0.561521 0.526556 0.313974
0 0.513728 0.979401 0.444015 0.0393053
4 0.575837 0.966903 0.685314 0.0657911
0 0.574339 0.617174 0.851322 0.765653
4 0.478957 0.867074 0.638206 0.265851
2 0.537732 0.172262 0.819599 0.344524
3 0.538061 0.602647 0.241835 0.124269
4 0.540765 0.975957 0.46957 0.0459959
2 0.540765 0.975957 0.46957 0.0459959
0 0.596558 0.172169 0.755531 0.327833
4 0.517932 0.595103 0.411767 0.21367
3 0.448517 0.561521 0.526556 0.313974
4 0.54672 0.283262 0.90656 0.55032
