0 0.447404 0.549792 0.251007 0.29027
3 0.280592 0.376324 0.551568 0.752649
2 0.179078 0.378039 0.35704 0.716021
3 0.179169 0.37174 0.358338 0.700739
0 0.280025 0.376829 0.542221 0.748275
2 0.27787 0.436464 0.550572 0.864174
0 0.468885 0.561905 0.194269 0.198816
4 0.447659 0.549241 0.25135 0.290553
2 0.445157 0.550745 0.247751 0.28684
2 0.958462 0.534207 0.0830521 0.535885
1 0.447659 0.549241 0.25135 0.290553
2 0.0628738 0.442179 0.12427 0.736896
3 0.447659 0.549241 0.25135 0.290553
1 0.280592 0.376324 0.551568 0.752649
3 0.958462 0.534207 0.0830521 0.535885
0 0.48668 0.514779 0.166382 0.199598
0 0.413158 0.586374 0.191619 0.200404
2 0.976792 0.592246 0.0464155 0.493651
4 0.966975 0.541058 0.0660504 0.537167
2 0.139146 0.509661 0.266963 0.871051
3 0.22294 0.491937 0.436539 0.754566
2 0.0449541 0.516565 0.088193 0.632132
