0 0.466691 0.455094 0.672667 0.446236
4 0.466691 0.455094 0.672667 0.446236
2 0.466691 0.455094 0.672667 0.446236
1 0.466691 0.455094 0.672667 0.446236
0 0.613749 0.445338 0.520606 0.398643
1 0.505669 0.948837 0.0998245 0.0947129
0 0.605962 0.44921 0.285099 0.414123
4 0.613749 0.445338 0.520606 0.398643
3 0.466691 0.455094 0.672667 0.446236
2 0.50426 0.944372 0.101229 0.0962869
0 0.68194 0.444709 0.245044 0.421232
0 0.565875 0.481327 0.868249 0.579813
1 0.263232 0.36508 0.230976 0.222094
2 0.0155884 0.580942 0.0292735 0.282533
1 0.986931 0.461045 0.0261378 0.140188
