0 0.329407 0.468109 0.155911 0.225714
0 0.652393 0.606739 0.0727956 0.0928062
0 0.941929 0.15776 0.0964909 0.11775
0 0.697082 0.741752 0.0891287 0.090647
0 0.34512 0.418186 0.109881 0.134361
0 0.745151 0.845554 0.0763997 0.090768
0 0.313022 0.50278 0.127071 0.16043
0 0.298227 0.503255 0.0874496 0.12194
0 0.340932 0.429002 0.131167 0.190808
2 0.330118 0.469303 0.158263 0.220896
1 0.652692 0.607667 0.0766374 0.0981736
1 0.330221 0.470583 0.157513 0.224128
0 0.31151 0.501145 0.21056 0.299873
0 0.699827 0.740622 0.0605479 0.0783343
2 0.298456 0.504624 0.0853758 0.113659
2 0.652393 0.606739 0.0727956 0.0928062
4 0.330185 0.469719 0.16 0.230753
3 0.330185 0.469719 0.16 0.230753
1 0.298227 0.503255 0.0874496 0.12194
1 0.696936 0.741373 0.0882034 0.0845832
0 0.936167 0.16066 0.0598101 0.0884335
2 0.942451 0.158029 0.0956804 0.115612
0 0.725002 0.810807 0.0771962 0.109649
2 0.697082 0.741752 0.0891287 0.090647
0 0.318059 0.527044 0.145261 0.236399
4 0.652393 0.606739 0.0727956 0.0928062
3 0.652393 0.606739 0.0727956 0.0928062
1 0.313022 0.50278 0.127071 0.16043
4 0.697378 0.741963 0.0854282 0.0915669
1 0.338383 0.425472 0.134395 0.159421
