0 0.614928 0.605848 0.223434 0.291228
0 0.649451 0.417462 0.231373 0.244055
3 0.941607 0.939602 0.1111 0.101976
4 0.614946 0.605022 0.228564 0.288114
2 0.160342 0.191593 0.0993284 0.174943
4 0.64916 0.418182 0.231215 0.246683
1 0.64916 0.418182 0.231215 0.246683
1 0.617604 0.602924 0.222075 0.281296
2 0.64916 0.418182 0.231215 0.246683
2 0.617604 0.602924 0.222075 0.281296
3 0.64916 0.418182 0.231215 0.246683
0 0.623697 0.382595 0.191038 0.171682
3 0.617604 0.602924 0.222075 0.281296
0 0.623866 0.466617 0.251086 0.356583
0 0.610869 0.450971 0.381859 0.433469
