0 0.55548 0.506478 0.607178 0.722236
1 0.0541525 0.698197 0.0334509 0.0519237
1 0.10067 0.617849 0.040658 0.0651679
3 0.957101 0.465225 0.0841796 0.122487
1 0.0134314 0.568036 0.0247083 0.120425
3 0.96073 0.441752 0.0768835 0.218414
1 0.0176598 0.757672 0.027562 0.0516231
1 0.0114468 0.664889 0.0200272 0.0544591
1 0.0132564 0.649775 0.0239159 0.124494
1 0.0140293 0.559417 0.0275451 0.189325
1 0.055455 0.696147 0.0376258 0.077845
0 0.766538 0.67481 0.2325 0.208789
0 0.785911 0.631019 0.200671 0.12936
1 0.874981 0.832884 0.0335667 0.0365193
3 0.0243846 0.484749 0.0479075 0.568464
1 0.00950935 0.567398 0.017247 0.0836531
1 0.957101 0.465225 0.0841796 0.122487
1 0.96073 0.441752 0.0768835 0.218414
1 0.550728 0.498493 0.608878 0.695863
3 0.957635 0.499073 0.0847301 0.261964
0 0.709515 0.706813 0.101104 0.111038
1 0.0185529 0.558068 0.0348939 0.256924
1 0.00962624 0.552613 0.019185 0.144239
1 0.0249317 0.686216 0.0378195 0.0746651
1 0.988641 0.69282 0.0220183 0.0398778
0 0.813042 0.623835 0.137728 0.106806
1 0.362923 0.867291 0.0276639 0.0335917
