0 0.510776 0.493594 0.400654 0.460435
1 0.982969 0.570651 0.0340621 0.137109
1 0.972092 0.575058 0.0558161 0.1701
1 0.509311 0.494438 0.404544 0.454911
1 0.98098 0.598205 0.0346949 0.122039
1 0.986987 0.566584 0.0232842 0.119861
1 0.974874 0.533117 0.0502513 0.224157
1 0.0552379 0.542895 0.0468745 0.0752181
4 0.509311 0.494438 0.404544 0.454911
1 0.970835 0.487191 0.0583298 0.426901
3 0.511268 0.494166 0.401515 0.459181
1 0.975712 0.611768 0.0485757 0.171261
2 0.509311 0.494438 0.404544 0.454911
1 0.0462658 0.539357 0.0560582 0.0958207
1 0.975907 0.570409 0.0481852 0.102652
1 0.0471613 0.538377 0.0538046 0.22634
