1 0.523697 0.498035 0.396002 0.907351
0 0.522635 0.498072 0.392107 0.907037
0 0.535914 0.702211 0.323842 0.581645
2 0.986287 0.435355 0.027425 0.337691
1 0.987513 0.371291 0.0249739 0.247608
2 0.974974 0.452447 0.0500515 0.399069
1 0.982924 0.407897 0.0341512 0.279181
2 0.522635 0.498072 0.392107 0.907037
1 0.53889 0.689906 0.32326 0.563437
2 0.704348 0.084564 0.131981 0.169128
1 0.990955 0.360535 0.0180905 0.187127
2 0.988199 0.507038 0.0236021 0.262744
3 0.633238 0.538448 0.0639475 0.0540998
4 0.986287 0.435355 0.027425 0.337691
2 0.987513 0.371291 0.0249739 0.247608
1 0.986462 0.466675 0.0270754 0.340838
1 0.449319 0.415122 0.482853 0.675411
3 0.522635 0.498072 0.392107 0.907037
4 0.522635 0.498072 0.392107 0.907037
2 0.979807 0.513842 0.0403864 0.32955
0 0.986287 0.435355 0.027425 0.337691
1 0.640024 0.535277 0.0432045 0.0473669
1 0.662393 0.780694 0.0424575 0.0533818
2 0.988987 0.491319 0.0220253 0.163696
1 0.992448 0.357864 0.0151035 0.107588
1 0.993678 0.341869 0.012643 0.101895
1 0.434366 0.558732 0.587499 0.882536
1 0.988987 0.491319 0.0220253 0.163696
2 0.988636 0.528751 0.0227289 0.170978
1 0.599409 0.573599 0.465446 0.852802
