0 0.280605 0.485415 0.514372 0.314239
1 0.280605 0.485415 0.514372 0.314239
2 0.269793 0.484601 0.512711 0.313961
0 0.379834 0.555131 0.713764 0.403996
1 0.459757 0.930732 0.738059 0.138536
1 0.449514 0.571169 0.800813 0.389944
1 0.948457 0.49289 0.100678 0.107655
1 0.537934 0.58394 0.571356 0.264145
3 0.527289 0.676451 0.911657 0.609927
1 0.542736 0.193875 0.0923709 0.0625057
3 0.280605 0.485415 0.514372 0.314239
0 0.394263 0.931175 0.614967 0.137054
0 0.295822 0.958703 0.375592 0.0812471
1 0.465561 0.127209 0.826397 0.252308
0 0.402705 0.961763 0.44442 0.0743278
1 0.457692 0.227579 0.0897345 0.0607558
0 0.454732 0.952311 0.662997 0.095379
0 0.537934 0.58394 0.571356 0.264145
1 0.477029 0.970004 0.468876 0.0595018
0 0.356858 0.44757 0.661887 0.474926
1 0.385294 0.955587 0.552136 0.0887634
2 0.382637 0.556544 0.709109 0.411743
1 0.47083 0.188139 0.716727 0.275921
2 0.459757 0.930732 0.738059 0.138536
1 0.321037 0.935415 0.514826 0.12917
1 0.473672 0.895755 0.889188 0.20849
1 0.528949 0.672796 0.913719 0.604316
0 0.552113 0.588827 0.455514 0.194604
0 0.261307 0.936089 0.41599 0.125195
3 0.382637 0.556544 0.709109 0.411743
1 0.599923 0.110504 0.34763 0.217501
3 0.53475 0.615173 0.708178 0.351349
2 0.53475 0.615173 0.708178 0.351349
2 0.321037 0.935415 0.514826 0.12917
4 0.280605 0.485415 0.514372 0.314239
0 0.477029 0.970004 0.468876 0.0595018
2 0.536174 0.585711 0.535223 0.248251
1 0.473608 0.983202 0.390334 0.0335965
3 0.461286 0.927748 0.772674 0.144504
1 0.906004 0.114127 0.0887277 0.0700811
0 0.402971 0.980657 0.404317 0.038299
2 0.385294 0.955587 0.552136 0.0887634
0 0.515923 0.918078 0.863684 0.163682
2 0.527289 0.676451 0.911657 0.609927
1 0.543096 0.185737 0.123587 0.102168
