0 0.475633 0.513312 0.636478 0.31157
4 0.558762 0.224455 0.149871 0.0853819
2 0.559939 0.226988 0.148044 0.0795839
0 0.641076 0.491842 0.345484 0.243668
0 0.486083 0.525077 0.49913 0.233648
2 0.719687 0.916627 0.156685 0.0909975
1 0.414312 0.252288 0.139652 0.104379
0 0.518706 0.593446 0.812225 0.428217
1 0.469231 0.0158967 0.0917419 0.0317935
2 0.476121 0.514727 0.633452 0.313023
2 0.770513 0.892887 0.205522 0.127765
1 0.476953 0.501031 0.632175 0.286597
3 0.476121 0.514727 0.633452 0.313023
0 0.588246 0.458223 0.465866 0.287464
1 0.591906 0.0117393 0.0836402 0.0234786
1 0.440499 0.25766 0.208672 0.124057
4 0.476121 0.514727 0.633452 0.313023
1 0.474959 0.0240193 0.124462 0.0480387
3 0.481102 0.244765 0.30022 0.14734
1 0.460478 0.012319 0.0697254 0.024638
2 0.739758 0.909494 0.207577 0.117179
1 0.447894 0.0114251 0.114733 0.0228501
2 0.745115 0.860515 0.196045 0.130262
2 0.74019 0.887881 0.250305 0.166341
0 0.635842 0.55797 0.573227 0.313514
2 0.482214 0.970837 0.405159 0.0567005
1 0.559939 0.226988 0.148044 0.0795839
