2 0.541629 0.518231 0.309859 0.3598
2 0.593648 0.492308 0.412846 0.449677
4 0.379279 0.0403289 0.398445 0.0806577
0 0.126122 0.867944 0.252245 0.260719
2 0.0781091 0.872444 0.156218 0.25391
2 0.535487 0.381785 0.457543 0.718155
2 0.126122 0.867944 0.252245 0.260719
1 0.0802429 0.872114 0.160486 0.254844
2 0.421393 0.0385069 0.446171 0.0770139
2 0.530085 0.0617918 0.80347 0.122132
4 0.530085 0.0617918 0.80347 0.122132
1 0.543025 0.519383 0.311297 0.355421
0 0.0781091 0.872444 0.156218 0.25391
4 0.310324 0.0384896 0.16274 0.0769791
2 0.0405242 0.292298 0.0805709 0.381134
2 0.0701484 0.782411 0.140297 0.435177
3 0.543025 0.519383 0.311297 0.355421
0 0.543025 0.519383 0.311297 0.355421
2 0.48097 0.346926 0.734063 0.693851
4 0.549625 0.51634 0.317421 0.364904
2 0.119931 0.781796 0.239862 0.436408
4 0.522025 0.0378541 0.621067 0.0752747
1 0.126188 0.834006 0.251858 0.331988
2 0.476165 0.050531 0.57059 0.0987579
2 0.0477305 0.368614 0.0954609 0.481895
4 0.957262 0.686029 0.0852184 0.378324
2 0.531742 0.114264 0.906307 0.22627
2 0.0469345 0.827984 0.0938689 0.344031
2 0.953048 0.663866 0.0925888 0.36792
4 0.943155 0.676309 0.113689 0.473839
2 0.558569 0.603775 0.263658 0.307409
1 0.0701484 0.782411 0.140297 0.435177
1 0.0469345 0.827984 0.0938689 0.344031
2 0.612971 0.978233 0.232867 0.0426559
4 0.0802429 0.872114 0.160486 0.254844
0 0.0721298 0.780847 0.144138 0.438306
2 0.057174 0.272853 0.114348 0.480464
0 0.175 0.895087 0.350001 0.203878
2 0.534499 0.516066 0.171013 0.324337
