3 0.954515 0.676083 0.090971 0.115163
3 0.484142 0.398033 0.968283 0.415162
3 0.494148 0.528065 0.988295 0.668772
1 0.954256 0.681903 0.0877233 0.10555
3 0.951121 0.642935 0.0977585 0.161877
3 0.957693 0.679482 0.059418 0.0885126
3 0.763481 0.471581 0.473037 0.443569
3 0.487647 0.450593 0.670142 0.524079
0 0.954753 0.67674 0.0904932 0.114166
4 0.955707 0.676316 0.0885865 0.10878
3 0.233383 0.262242 0.0974326 0.0725297
3 0.146281 0.388018 0.0874574 0.046677
2 0.954532 0.672592 0.0909352 0.114977
3 0.477917 0.296347 0.955834 0.328461
3 0.924774 0.668949 0.150451 0.167582
3 0.138469 0.397585 0.105792 0.064663
3 0.961563 0.655989 0.0768741 0.106176
3 0.626113 0.466275 0.747773 0.585202
1 0.489847 0.462593 0.978172 0.564263
3 0.960324 0.605753 0.0793514 0.202098
3 0.812942 0.442104 0.369193 0.303005
3 0.947131 0.70137 0.105739 0.143716
3 0.939166 0.671655 0.121667 0.240622
