2 0.479543 0.480107 0.732567 0.919255
2 0.557129 0.581415 0.546707 0.657201
0 0.479543 0.480107 0.732567 0.919255
0 0.542272 0.575601 0.542747 0.653481
2 0.604466 0.681613 0.473545 0.51005
4 0.479543 0.480107 0.732567 0.919255
2 0.657894 0.742476 0.330424 0.410285
4 0.542452 0.575685 0.541611 0.654339
1 0.479543 0.480107 0.732567 0.919255
3 0.479543 0.480107 0.732567 0.919255
1 0.542452 0.575685 0.541611 0.654339
2 0.368263 0.286598 0.566415 0.573196
3 0.558322 0.581214 0.549568 0.661285
3 0.122951 0.477541 0.240565 0.955083
3 0.88686 0.473786 0.217137 0.935697
0 0.346618 0.402756 0.568861 0.763357
