2 0.360791 0.576002 0.584978 0.3492
2 0.499656 0.564574 0.903387 0.378405
1 0.49649 0.562754 0.901228 0.375183
2 0.622449 0.521482 0.692296 0.363051
2 0.712409 0.489822 0.490753 0.265091
0 0.49649 0.562754 0.901228 0.375183
1 0.362158 0.576209 0.583009 0.345892
1 0.622449 0.521482 0.692296 0.363051
1 0.712409 0.489822 0.490753 0.265091
2 0.516569 0.0547847 0.26871 0.108914
3 0.49649 0.562754 0.901228 0.375183
0 0.362158 0.576209 0.583009 0.345892
4 0.499656 0.564574 0.903387 0.378405
0 0.712409 0.489822 0.490753 0.265091
3 0.362158 0.576209 0.583009 0.345892
4 0.362158 0.576209 0.583009 0.345892
0 0.622449 0.521482 0.692296 0.363051
2 0.537459 0.434289 0.880067 0.770934
2 0.810024 0.682287 0.0776337 0.0447471
2 0.283721 0.61108 0.424153 0.268988
2 0.545358 0.606523 0.909284 0.539146
