2 0.328071 0.502297 0.385886 0.373034
2 0.575254 0.590656 0.226316 0.343445
3 0.324837 0.504449 0.379588 0.364935
2 0.670662 0.250157 0.199309 0.297528
1 0.324837 0.504449 0.379588 0.364935
2 0.532599 0.85073 0.184078 0.276157
0 0.324837 0.504449 0.379588 0.364935
2 0.621867 0.319305 0.300655 0.449547
2 0.545893 0.383064 0.284258 0.362458
2 0.380958 0.464417 0.282713 0.309887
1 0.621867 0.319305 0.300655 0.449547
2 0.40645 0.503093 0.579218 0.465275
2 0.264086 0.548876 0.267532 0.281631
0 0.670662 0.250157 0.199309 0.297528
1 0.568768 0.363153 0.319571 0.451962
0 0.621867 0.319305 0.300655 0.449547
3 0.621867 0.319305 0.300655 0.449547
4 0.328903 0.48745 0.351261 0.319988
0 0.563454 0.399297 0.296026 0.379239
1 0.666011 0.282407 0.216721 0.396256
2 0.539821 0.444327 0.347273 0.529419
0 0.532599 0.85073 0.184078 0.276157
1 0.574454 0.5953 0.24079 0.319571
2 0.684871 0.321524 0.211282 0.459611
3 0.571675 0.585096 0.239992 0.321299
0 0.575254 0.590656 0.226316 0.343445
1 0.675636 0.243893 0.186131 0.276009
3 0.67026 0.252199 0.202393 0.299157
