2 0.487324 0.431904 0.735057 0.792433
0 0.484869 0.394248 0.669965 0.720365
2 0.443651 0.333192 0.580219 0.608067
2 0.695952 0.403384 0.143643 0.329857
0 0.566485 0.501132 0.865789 0.860879
4 0.484869 0.394248 0.669965 0.720365
2 0.693538 0.432737 0.193217 0.475775
2 0.772461 0.101411 0.139499 0.202822
1 0.487324 0.431904 0.735057 0.792433
0 0.43717 0.270837 0.606135 0.539
2 0.679789 0.444782 0.35382 0.625796
2 0.726055 0.607958 0.547891 0.764786
2 0.618993 0.398839 0.622504 0.610357
3 0.487324 0.431904 0.735057 0.792433
