0 0.550011 0.43237 0.689442 0.560564
2 0.559561 0.434237 0.653623 0.557039
1 0.550011 0.43237 0.689442 0.560564
0 0.936121 0.123735 0.12679 0.247471
0 0.960906 0.118494 0.0781881 0.236988
2 0.936121 0.123735 0.12679 0.247471
2 0.958217 0.104184 0.0835659 0.208368
4 0.559561 0.434237 0.653623 0.557039
2 0.897423 0.106284 0.205153 0.212567
4 0.936121 0.123735 0.12679 0.247471
4 0.960906 0.118494 0.0781881 0.236988
0 0.897423 0.106284 0.205153 0.212567
0 0.97188 0.0999243 0.0562408 0.199849
2 0.960024 0.180502 0.0799519 0.361005
4 0.897168 0.129277 0.205663 0.257081
0 0.941339 0.18448 0.117323 0.368961
1 0.934772 0.124369 0.130456 0.24695
2 0.893951 0.177888 0.212098 0.355777
2 0.972896 0.0864633 0.0542087 0.172927
3 0.934772 0.124369 0.130456 0.24695
0 0.892638 0.177623 0.214724 0.352322
0 0.927426 0.0883166 0.14339 0.176633
1 0.959315 0.118807 0.0813705 0.237614
4 0.941339 0.18448 0.117323 0.368961
3 0.550011 0.43237 0.689442 0.560564
2 0.927426 0.0883166 0.14339 0.176633
2 0.930399 0.239711 0.138501 0.479422
2 0.973308 0.148462 0.053383 0.296924
1 0.897423 0.106284 0.205153 0.212567
4 0.97188 0.0999243 0.0562408 0.199849
1 0.97188 0.0999243 0.0562408 0.199849
3 0.9561 0.104296 0.0877998 0.208593
