0 0.249333 0.593737 0.384141 0.392536
2 0.25015 0.594402 0.381126 0.390536
1 0.249512 0.593619 0.384786 0.395048
3 0.249512 0.593619 0.384786 0.395048
4 0.25015 0.594402 0.381126 0.390536
1 0.982193 0.489373 0.0356144 0.204354
3 0.515189 0.606501 0.963382 0.662441
1 0.981207 0.494652 0.0361881 0.127958
1 0.96921 0.476617 0.0604801 0.435582
1 0.988582 0.628071 0.0215025 0.107678
1 0.941786 0.481414 0.116428 0.52512
3 0.880531 0.544267 0.238938 0.622034
1 0.985496 0.629353 0.026375 0.0776667
3 0.925553 0.533344 0.148893 0.51756
1 0.979607 0.456628 0.0407859 0.358401
1 0.974944 0.516599 0.0501121 0.318232
1 0.984696 0.589467 0.0299387 0.2277
