0 0.432889 0.464215 0.788599 0.781518
2 0.432179 0.438994 0.78809 0.813908
2 0.684771 0.578643 0.375053 0.454935
2 0.973013 0.356199 0.0539736 0.356382
1 0.973013 0.356199 0.0539736 0.356382
2 0.956618 0.365986 0.0867639 0.385517
2 0.564779 0.509755 0.693562 0.650321
2 0.92569 0.468467 0.14862 0.612913
2 0.699237 0.606501 0.252529 0.40678
1 0.432889 0.464215 0.788599 0.781518
1 0.976516 0.287125 0.046967 0.308305
4 0.973013 0.356199 0.0539736 0.356382
1 0.956618 0.365986 0.0867639 0.385517
0 0.973013 0.356199 0.0539736 0.356382
2 0.721352 0.527653 0.531509 0.572351
2 0.583491 0.557371 0.49203 0.514613
4 0.92569 0.468467 0.14862 0.612913
4 0.956618 0.365986 0.0867639 0.385517
4 0.432179 0.438994 0.78809 0.813908
0 0.956618 0.365986 0.0867639 0.385517
2 0.976516 0.287125 0.046967 0.308305
2 0.966986 0.431513 0.0660276 0.40806
2 0.978827 0.409646 0.0423469 0.332998
1 0.92569 0.468467 0.14862 0.612913
1 0.967494 0.290692 0.0650117 0.402848
2 0.967494 0.290692 0.0650117 0.402848
0 0.92569 0.468467 0.14862 0.612913
3 0.971797 0.337986 0.0564055 0.342867
3 0.92569 0.468467 0.14862 0.612913
2 0.819858 0.477539 0.355215 0.673479
2 0.982528 0.435468 0.0349437 0.188599
1 0.980643 0.232879 0.0387139 0.277887
1 0.978827 0.409646 0.0423469 0.332998
3 0.432179 0.438994 0.78809 0.813908
2 0.891915 0.522668 0.216169 0.573477
1 0.689598 0.57933 0.370553 0.453322
2 0.948299 0.468681 0.102203 0.429929
0 0.976516 0.287125 0.046967 0.308305
3 0.951425 0.367952 0.0971492 0.403068
0 0.4574 0.468213 0.680897 0.539331
1 0.966986 0.431513 0.0660276 0.40806
2 0.892139 0.374608 0.215722 0.530617
1 0.955981 0.226707 0.0880374 0.389819
2 0.923681 0.464398 0.152638 0.2944
