0 0.545818 0.347306 0.364928 0.299245
2 0.547279 0.347386 0.363346 0.302454
4 0.564883 0.354913 0.338359 0.294293
2 0.70688 0.0176642 0.166695 0.0353284
2 0.744378 0.0194529 0.222185 0.0388078
3 0.54719 0.347705 0.366423 0.301363
2 0.579662 0.0183866 0.258527 0.0355671
1 0.54719 0.347705 0.366423 0.301363
2 0.654534 0.0168518 0.281978 0.0337035
2 0.775678 0.0146977 0.224119 0.0293954
2 0.38734 0.0325375 0.529319 0.0650749
2 0.561332 0.0152106 0.155351 0.0304212
2 0.514003 0.0237737 0.632614 0.0475475
2 0.520996 0.01513 0.28525 0.03026
2 0.411594 0.0250705 0.397312 0.0486442
0 0.594505 0.379189 0.294523 0.252714
2 0.33988 0.0377612 0.342274 0.0755225
2 0.587432 0.020502 0.389094 0.0410041
2 0.686398 0.023666 0.215731 0.0473319
2 0.0533294 0.595461 0.106659 0.128818
2 0.812959 0.0203596 0.191345 0.0388446
2 0.727453 0.0122835 0.200009 0.0245671
2 0.778208 0.0253668 0.247043 0.0507335
4 0.38734 0.0325375 0.529319 0.0650749
0 0.03161 0.444245 0.0632201 0.132258
2 0.0581455 0.417091 0.116291 0.285065
2 0.03161 0.444245 0.0632201 0.132258
