2 0.397347 0.539994 0.0730468 0.125596
1 0.396439 0.53809 0.0729006 0.124448
1 0.524923 0.590409 0.053394 0.0542354
1 0.98368 0.590113 0.0276179 0.0934913
1 0.451308 0.412909 0.0992154 0.139425
1 0.922669 0.257085 0.0368889 0.0450491
1 0.981482 0.59303 0.0365828 0.124876
2 0.552292 0.456245 0.0888908 0.126125
2 0.98492 0.578924 0.0272362 0.0828875
1 0.988081 0.587856 0.0209652 0.0749215
2 0.98302 0.592254 0.0338846 0.116852
1 0.412797 0.519686 0.0906487 0.140068
1 0.681713 0.62443 0.0372896 0.0421172
0 0.988617 0.580251 0.0227653 0.0805157
2 0.988978 0.580392 0.0220441 0.0681124
2 0.636096 0.323896 0.0550154 0.0856327
1 0.973442 0.607098 0.0525513 0.170404
0 0.399493 0.540622 0.0724922 0.123314
2 0.415638 0.511949 0.104518 0.150136
2 0.970276 0.735729 0.0562019 0.494963
2 0.566859 0.333594 0.0545982 0.0652432
2 0.557431 0.43571 0.148972 0.175918
4 0.971305 0.689569 0.0573898 0.470116
0 0.98368 0.590113 0.0276179 0.0934913
2 0.9741 0.593744 0.0513246 0.143924
3 0.3974 0.536316 0.0757711 0.126802
2 0.651742 0.420247 0.0635218 0.0730644
1 0.987653 0.6034 0.0243875 0.126537
2 0.395394 0.546507 0.0563132 0.0964206
2 0.978865 0.64324 0.0416004 0.287508
1 0.549127 0.453461 0.0923061 0.135282
2 0.52387 0.590457 0.0534416 0.0594511
