2 0.516415 0.566943 0.336902 0.205437
4 0.130608 0.171021 0.261216 0.338608
2 0.677611 0.758019 0.635564 0.433923
3 0.516415 0.566943 0.336902 0.205437
2 0.130608 0.171021 0.261216 0.338608
1 0.516415 0.566943 0.336902 0.205437
0 0.516415 0.566943 0.336902 0.205437
3 0.675251 0.736111 0.631999 0.39522
2 0.52673 0.668945 0.946541 0.48523
4 0.516415 0.566943 0.336902 0.205437
2 0.574676 0.598963 0.622807 0.359732
2 0.56998 0.594126 0.41666 0.253088
2 0.567135 0.563729 0.212918 0.188383
2 0.461434 0.52346 0.357809 0.273569
0 0.611474 0.758132 0.777051 0.464638
