4 0.455029 0.372432 0.162325 0.128919
2 0.431865 0.576577 0.256371 0.104211
2 0.454262 0.368989 0.156291 0.128273
3 0.452997 0.542919 0.251166 0.0950485
3 0.471625 0.518864 0.194981 0.0647386
0 0.456725 0.369912 0.161016 0.128997
2 0.416472 0.55425 0.301119 0.119538
3 0.431865 0.576577 0.256371 0.104211
3 0.450224 0.548559 0.304059 0.16084
2 0.454915 0.531256 0.232575 0.0842795
4 0.431865 0.576577 0.256371 0.104211
0 0.420533 0.556001 0.295176 0.108487
3 0.467195 0.50996 0.218486 0.105865
2 0.374265 0.571877 0.354699 0.127896
2 0.36172 0.530194 0.395758 0.161105
3 0.414305 0.520645 0.36008 0.132685
2 0.416085 0.567463 0.208079 0.0723787
0 0.434037 0.576625 0.255603 0.101487
4 0.416472 0.55425 0.301119 0.119538
0 0.36546 0.53114 0.390497 0.150158
2 0.450208 0.588133 0.309667 0.173055
2 0.392826 0.492493 0.341937 0.169113
4 0.36172 0.530194 0.395758 0.161105
3 0.455029 0.372432 0.162325 0.128919
3 0.462819 0.499792 0.340081 0.242942
3 0.35956 0.529619 0.42786 0.191634
2 0.370127 0.571347 0.431559 0.178906
4 0.469236 0.514616 0.200772 0.0752932
3 0.374265 0.571877 0.354699 0.127896
4 0.460323 0.381464 0.22451 0.162938
1 0.434037 0.576625 0.255603 0.101487
2 0.42319 0.407936 0.231782 0.175681
2 0.469236 0.514616 0.200772 0.0752932
4 0.42319 0.407936 0.231782 0.175681
0 0.381252 0.491462 0.39066 0.199158
3 0.394291 0.487846 0.370403 0.202522
4 0.392826 0.492493 0.341937 0.169113
1 0.455029 0.372432 0.162325 0.128919
0 0.37783 0.572531 0.344338 0.117014
2 0.345915 0.451071 0.419853 0.237333
2 0.476802 0.36836 0.237016 0.167956
2 0.46678 0.396347 0.164669 0.155626
4 0.374265 0.571877 0.354699 0.127896
0 0.180975 0.469918 0.160055 0.0966796
0 0.469236 0.514616 0.200772 0.0752932
1 0.416472 0.55425 0.301119 0.119538
4 0.41168 0.417051 0.339157 0.238248
1 0.469236 0.514616 0.200772 0.0752932
