2 0.435438 0.582551 0.328432 0.200508
2 0.363623 0.212173 0.21151 0.134312
2 0.495265 0.585008 0.206364 0.187999
0 0.435438 0.582551 0.328432 0.200508
3 0.435438 0.582551 0.328432 0.200508
1 0.435438 0.582551 0.328432 0.200508
4 0.371276 0.207946 0.213206 0.137176
0 0.371276 0.207946 0.213206 0.137176
2 0.40048 0.193892 0.333084 0.198907
1 0.362978 0.212716 0.211086 0.13498
2 0.401621 0.543688 0.346075 0.268342
2 0.448659 0.552622 0.231149 0.23176
4 0.435438 0.582551 0.328432 0.200508
2 0.452132 0.587934 0.253636 0.139838
4 0.417354 0.16865 0.41879 0.2883
2 0.350973 0.231812 0.340889 0.218511
2 0.417354 0.16865 0.41879 0.2883
3 0.363623 0.212173 0.21151 0.134312
2 0.372126 0.205994 0.130774 0.122365
2 0.376635 0.609066 0.512214 0.460934
2 0.394286 0.194051 0.199516 0.142108
