4 0.880185 0.484781 0.13495 0.181456
2 0.512495 0.440469 0.201558 0.187271
2 0.879233 0.485331 0.13415 0.178235
3 0.510697 0.442364 0.205221 0.189297
3 0.385851 0.414927 0.738406 0.207265
2 0.474438 0.445198 0.175375 0.166637
0 0.512998 0.439651 0.202522 0.194542
2 0.712779 0.397727 0.494251 0.413256
1 0.512998 0.439651 0.202522 0.194542
4 0.512998 0.439651 0.202522 0.194542
3 0.880102 0.484728 0.134445 0.177579
3 0.428523 0.423135 0.799763 0.318661
3 0.381111 0.414297 0.521545 0.130024
0 0.880122 0.48516 0.132657 0.177346
2 0.437122 0.443162 0.742116 0.262866
1 0.880122 0.48516 0.132657 0.177346
3 0.351309 0.409236 0.287046 0.104713
3 0.169014 0.305705 0.338028 0.215402
2 0.437755 0.440915 0.456695 0.169491
