0 0.353886 0.472757 0.366312 0.269969
2 0.487939 0.0293265 0.302877 0.0517178
2 0.528607 0.0356657 0.418738 0.0711258
2 0.353886 0.472757 0.366312 0.269969
2 0.554975 0.107904 0.573185 0.210482
4 0.4867 0.028353 0.295595 0.0491789
0 0.507244 0.0279636 0.336958 0.0551783
2 0.533106 0.0591077 0.603939 0.118215
1 0.492461 0.0276808 0.310992 0.0544726
2 0.650711 0.91951 0.20423 0.131939
2 0.42404 0.0331666 0.436433 0.0648418
0 0.435856 0.432544 0.472352 0.348207
4 0.353886 0.472757 0.366312 0.269969
2 0.576588 0.0250676 0.452102 0.0467598
1 0.945993 0.444696 0.0304416 0.0265796
