2 0.4646 0.595162 0.321967 0.253026
2 0.385781 0.515364 0.159522 0.0996574
2 0.413319 0.516402 0.222127 0.119927
2 0.433431 0.503551 0.292725 0.16128
0 0.4646 0.595162 0.321967 0.253026
2 0.43862 0.545291 0.357124 0.224162
2 0.429785 0.387303 0.569682 0.426437
1 0.4646 0.595162 0.321967 0.253026
4 0.466171 0.595474 0.315358 0.240505
2 0.4501 0.493506 0.558491 0.414365
3 0.4646 0.595162 0.321967 0.253026
2 0.4418 0.5419 0.260264 0.182975
2 0.475047 0.635434 0.318267 0.139514
2 0.377681 0.515382 0.0988263 0.0726753
3 0.0414206 0.167558 0.0828411 0.148232
2 0.363242 0.50046 0.197979 0.098965
