2 0.395321 0.322547 0.615357 0.645094
2 0.343115 0.466271 0.543478 0.873363
1 0.28473 0.042643 0.292468 0.085286
2 0.312531 0.381445 0.436615 0.564918
1 0.320707 0.0440629 0.178357 0.0783314
2 0.516354 0.426218 0.783276 0.852436
1 0.516354 0.426218 0.783276 0.852436
0 0.395321 0.322547 0.615357 0.645094
1 0.534379 0.572189 0.63962 0.855621
2 0.31777 0.0443495 0.335387 0.088699
0 0.247093 0.0511119 0.3912 0.102224
0 0.31777 0.0443495 0.335387 0.088699
2 0.285257 0.282329 0.555484 0.536509
0 0.379273 0.516119 0.562961 0.938767
0 0.516354 0.426218 0.783276 0.852436
3 0.516354 0.426218 0.783276 0.852436
1 0.395321 0.322547 0.615357 0.645094
4 0.534379 0.572189 0.63962 0.855621
4 0.352199 0.323123 0.58337 0.646247
1 0.379273 0.516119 0.562961 0.938767
3 0.395321 0.322547 0.615357 0.645094
1 0.383826 0.0605909 0.648829 0.12117
1 0.377943 0.0418332 0.558995 0.0836664
4 0.379273 0.516119 0.562961 0.938767
2 0.534379 0.572189 0.63962 0.855621
0 0.383826 0.0605909 0.648829 0.12117
4 0.618647 0.77078 0.358892 0.312571
1 0.613238 0.819819 0.398053 0.360362
2 0.238962 0.486926 0.44649 0.973853
2 0.383826 0.0605909 0.648829 0.12117
2 0.310448 0.0418174 0.216114 0.082578
2 0.384572 0.463065 0.549924 0.499856
2 0.642316 0.782653 0.346538 0.292175
0 0.310448 0.0418174 0.216114 0.082578
1 0.267502 0.0706586 0.419723 0.141317
1 0.338263 0.0503798 0.31471 0.10076
0 0.377943 0.0418332 0.558995 0.0836664
0 0.534379 0.572189 0.63962 0.855621
1 0.684519 0.490419 0.630961 0.978757
4 0.568824 0.438187 0.78139 0.876375
3 0.379273 0.516119 0.562961 0.938767
2 0.377943 0.0418332 0.558995 0.0836664
2 0.247093 0.0511119 0.3912 0.102224
0 0.244093 0.0831764 0.406544 0.161126
0 0.332315 0.115998 0.646441 0.231997
