2 0.507464 0.606762 0.265525 0.170084
3 0.506232 0.603128 0.261593 0.176589
1 0.506808 0.604744 0.258744 0.174464
2 0.549785 0.566504 0.184607 0.103648
0 0.506232 0.603128 0.261593 0.176589
3 0.670381 0.48845 0.659238 0.326125
2 0.519606 0.562335 0.386771 0.251142
2 0.467987 0.594623 0.18821 0.135788
2 0.546831 0.553282 0.309501 0.155794
4 0.506232 0.603128 0.261593 0.176589
3 0.519606 0.562335 0.386771 0.251142
2 0.438813 0.59166 0.372447 0.199604
2 0.452222 0.59484 0.272534 0.160187
2 0.55928 0.572822 0.538716 0.337912
3 0.55928 0.572822 0.538716 0.337912
3 0.546831 0.553282 0.309501 0.155794
2 0.477825 0.623444 0.198101 0.135597
2 0.473328 0.613619 0.128863 0.139318
2 0.514518 0.63137 0.426299 0.22309
