2 0.533713 0.373866 0.4605 0.486855
1 0.531059 0.364731 0.479347 0.504723
0 0.531059 0.364731 0.479347 0.504723
2 0.49878 0.449221 0.38105 0.383194
4 0.531059 0.364731 0.479347 0.504723
1 0.545476 0.908974 0.0530107 0.0547745
1 0.143437 0.740723 0.0808209 0.0925757
3 0.535722 0.375352 0.463308 0.482626
2 0.4813 0.503976 0.442278 0.722402
1 0.277792 0.667135 0.0991479 0.0840875
1 0.466608 0.981498 0.112915 0.0343042
1 0.543079 0.941813 0.0420311 0.0403223
1 0.539852 0.90003 0.0518756 0.0445114
1 0.292936 0.986982 0.137477 0.0252433
1 0.531758 0.941159 0.0502571 0.0464581
