1 0.380239 0.499027 0.186215 0.254863
1 0.318739 0.42641 0.3041 0.362866
1 0.348503 0.482491 0.257079 0.317979
2 0.380317 0.499195 0.18849 0.258685
0 0.380313 0.503365 0.187145 0.25528
0 0.351441 0.475726 0.256949 0.294579
4 0.381989 0.500945 0.19021 0.249649
3 0.380239 0.499027 0.186215 0.254863
1 0.784852 0.381518 0.0174006 0.0277888
0 0.318739 0.42641 0.3041 0.362866
1 0.928505 0.404742 0.0196487 0.0280916
1 0.732623 0.395497 0.0196298 0.0349733
1 0.806829 0.31166 0.0216353 0.0445448
4 0.324931 0.442682 0.297716 0.361239
2 0.318739 0.42641 0.3041 0.362866
