0 0.503632 0.510178 0.300967 0.395196
1 0.502956 0.508864 0.298644 0.397896
4 0.479816 0.0719915 0.881108 0.138729
2 0.479816 0.0719915 0.881108 0.138729
1 0.964646 0.4821 0.0707079 0.0630879
2 0.503663 0.510221 0.29882 0.39856
1 0.0546491 0.831274 0.0232166 0.0277258
1 0.221725 0.0726102 0.443449 0.14522
1 0.43948 0.0735116 0.861264 0.141226
4 0.501921 0.507177 0.300778 0.385039
1 0.889917 0.175281 0.042766 0.0429529
3 0.503663 0.510221 0.29882 0.39856
0 0.479816 0.0719915 0.881108 0.138729
2 0.221725 0.0726102 0.443449 0.14522
1 0.491636 0.991442 0.0490052 0.0161501
4 0.221725 0.0726102 0.443449 0.14522
0 0.509389 0.508538 0.187424 0.340153
3 0.521339 0.0655373 0.873943 0.129925
1 0.0792877 0.593569 0.0363028 0.0441369
2 0.321702 0.0941912 0.639652 0.186696
2 0.313586 0.054667 0.625241 0.109334
1 0.155942 0.048452 0.311883 0.0967491
