0 0.456525 0.489234 0.116085 0.150097
2 0.0431222 0.560056 0.0862443 0.264092
4 0.640572 0.425816 0.556274 0.582444
2 0.455082 0.49105 0.11476 0.149916
4 0.455595 0.48943 0.116356 0.144389
4 0.583902 0.466381 0.803187 0.722666
1 0.0600638 0.549972 0.120128 0.273012
0 0.449392 0.486642 0.16025 0.186351
1 0.456525 0.489234 0.116085 0.150097
2 0.308232 0.592633 0.159275 0.116408
2 0.0839068 0.548063 0.16187 0.303177
2 0.037132 0.631943 0.074264 0.326454
2 0.0590941 0.483991 0.118188 0.433433
1 0.0426736 0.584323 0.0853471 0.261313
1 0.0907267 0.558812 0.181453 0.235991
3 0.456525 0.489234 0.116085 0.150097
2 0.0558421 0.640912 0.111684 0.365563
0 0.0431222 0.560056 0.0862443 0.264092
4 0.0431222 0.560056 0.0862443 0.264092
2 0.0309476 0.581717 0.059766 0.230361
2 0.66166 0.459218 0.552842 0.48905
1 0.0398366 0.495461 0.0796733 0.410496
4 0.489455 0.478995 0.672387 0.507722
3 0.0431222 0.560056 0.0862443 0.264092
0 0.489455 0.478995 0.672387 0.507722
2 0.213592 0.661605 0.186287 0.202799
1 0.515095 0.307075 0.0306292 0.0452422
1 0.0617263 0.48493 0.123453 0.446664
3 0.0908966 0.557136 0.181778 0.275431
2 0.944602 0.414184 0.110797 0.507997
4 0.0590941 0.483991 0.118188 0.433433
