1 0.632707 0.393349 0.108119 0.0867362
1 0.540542 0.876525 0.852568 0.24695
1 0.548751 0.848445 0.0397454 0.0220009
1 0.633596 0.387149 0.078964 0.0690183
3 0.633532 0.391604 0.108458 0.0899405
1 0.550817 0.846574 0.0511032 0.0302999
1 0.659284 0.0196613 0.168714 0.0385358
4 0.541981 0.842932 0.862048 0.314135
1 0.453193 0.75679 0.140028 0.0805955
0 0.633532 0.391604 0.108458 0.0899405
3 0.540542 0.876525 0.852568 0.24695
1 0.473051 0.902503 0.592161 0.194885
1 0.649889 0.388686 0.21431 0.144536
2 0.633532 0.391604 0.108458 0.0899405
1 0.619921 0.987048 0.151421 0.0255219
1 0.6533 0.0268933 0.207295 0.0533684
4 0.632202 0.391881 0.108596 0.0895959
1 0.570565 0.885319 0.0334445 0.024488
1 0.690266 0.0159905 0.184921 0.031981
1 0.618494 0.392091 0.0764899 0.0689489
1 0.542805 0.852798 0.0838685 0.0382843
1 0.491505 0.98702 0.136367 0.025255
1 0.639508 0.989831 0.0983789 0.0190781
1 0.432538 0.866165 0.0486542 0.0238602
1 0.615961 0.980845 0.239503 0.0361744
1 0.465009 0.985627 0.217152 0.0285778
