1 0.456725 0.460154 0.2553 0.149899
1 0.476491 0.463871 0.171768 0.132527
2 0.457897 0.459393 0.253962 0.148028
0 0.457897 0.459393 0.253962 0.148028
3 0.459255 0.461091 0.254516 0.152065
1 0.615014 0.0181936 0.0772812 0.030851
1 0.499676 0.136359 0.0407317 0.0240436
4 0.457897 0.459393 0.253962 0.148028
1 0.865186 0.0896929 0.0564022 0.0384645
1 0.379958 0.172321 0.07367 0.0535377
1 0.427001 0.0161554 0.0758164 0.0229204
1 0.596219 0.0701236 0.0315324 0.019976
1 0.753285 0.409314 0.0968432 0.081266
1 0.932383 0.923256 0.0265524 0.0149183
1 0.458481 0.815265 0.837503 0.369469
1 0.645872 0.108458 0.0284945 0.0188002
1 0.528625 0.887702 0.830045 0.224596
