1 0.404256 0.436606 0.19338 0.132587
1 0.482209 0.921354 0.162575 0.0977564
2 0.404329 0.436641 0.191623 0.134382
4 0.755099 0.587282 0.0833222 0.0439331
0 0.404329 0.436641 0.191623 0.134382
1 0.420047 0.415565 0.173157 0.097683
1 0.755099 0.587282 0.0833222 0.0439331
1 0.473097 0.897436 0.161127 0.111377
1 0.502923 0.933995 0.151622 0.0803701
3 0.404247 0.436253 0.192712 0.132429
1 0.477056 0.915208 0.244738 0.143701
1 0.428877 0.0373133 0.147471 0.0721444
2 0.447357 0.424119 0.207374 0.120002
4 0.404296 0.436463 0.192897 0.132171
1 0.0381851 0.807928 0.0763701 0.0709058
1 0.404898 0.445819 0.128791 0.118682
2 0.750499 0.58577 0.080165 0.044887
1 0.46473 0.936395 0.160492 0.0818155
1 0.239521 0.107793 0.0566233 0.0538669
2 0.483722 0.919026 0.174049 0.107051
2 0.430833 0.431521 0.127638 0.120223
