1 0.599307 0.594348 0.222359 0.276905
1 0.925716 0.544967 0.0661127 0.0912411
0 0.595485 0.589737 0.218195 0.281741
1 0.0276596 0.531776 0.0553192 0.262197
0 0.279215 0.772314 0.0991334 0.0934897
0 0.309676 0.777857 0.176725 0.112237
1 0.0249636 0.54041 0.0499273 0.141002
3 0.598594 0.591564 0.224418 0.281019
2 0.598594 0.591564 0.224418 0.281019
4 0.598594 0.591564 0.224418 0.281019
1 0.0195663 0.557049 0.0378069 0.110488
1 0.020222 0.573578 0.0404439 0.190385
2 0.0219144 0.527375 0.0421869 0.149179
1 0.939565 0.200998 0.0687521 0.0534809
1 0.0361326 0.480854 0.0722652 0.287362
1 0.0334747 0.583333 0.0669494 0.342769
4 0.315023 0.780014 0.179708 0.118328
1 0.426167 0.18666 0.0740084 0.107838
2 0.315023 0.780014 0.179708 0.118328
