1 0.56913 0.661469 0.169957 0.085411
1 0.45422 0.610813 0.151582 0.084499
2 0.571774 0.661133 0.171002 0.087961
1 0.490835 0.243539 0.15782 0.0687152
1 0.499014 0.983227 0.124061 0.0322763
1 0.543253 0.647113 0.183424 0.0959724
1 0.511546 0.976983 0.146529 0.0460331
1 0.373616 0.984252 0.130933 0.0311552
1 0.466916 0.982964 0.209159 0.0319982
1 0.507412 0.986512 0.100747 0.0238072
0 0.572456 0.66284 0.169381 0.0836403
1 0.40157 0.820683 0.0558849 0.039851
1 0.353859 0.0235058 0.157687 0.0466691
1 0.356985 0.0155048 0.139855 0.0290203
1 0.340356 0.294184 0.124813 0.0652973
1 0.536412 0.985404 0.155802 0.0285524
1 0.359377 0.987604 0.113724 0.0230815
1 0.412473 0.97894 0.310622 0.0421205
2 0.498298 0.981227 0.147489 0.0375456
0 0.499014 0.983227 0.124061 0.0322763
1 0.496511 0.982842 0.0746742 0.0280939
1 0.740718 0.985961 0.123446 0.0249084
1 0.333933 0.986056 0.128172 0.0250953
1 0.378851 0.0288953 0.214512 0.0577907
1 0.412674 0.0225074 0.265682 0.0438318
3 0.570439 0.660381 0.17188 0.0867864
2 0.550714 0.648819 0.15989 0.0863496
1 0.371508 0.0114313 0.133602 0.0228626
1 0.378323 0.981618 0.195364 0.034131
2 0.614209 0.668135 0.14195 0.0893085
1 0.534238 0.988824 0.100604 0.0215046
1 0.444743 0.01516 0.258973 0.0282396
1 0.479401 0.971236 0.186417 0.0517891
1 0.588612 0.910196 0.0306409 0.0267385
1 0.741399 0.594807 0.0759648 0.0448678
1 0.574081 0.664408 0.231082 0.142178
2 0.455103 0.609826 0.153599 0.0823028
1 0.480476 0.987307 0.131912 0.0242723
1 0.636819 0.988512 0.101604 0.0207426
0 0.459477 0.610288 0.155951 0.0849258
1 0.672588 0.236555 0.0499986 0.0374229
1 0.372342 0.984864 0.0743749 0.0268465
1 0.304908 0.988282 0.135497 0.0218923
1 0.336957 0.484489 0.085239 0.0513191
1 0.754833 0.987988 0.0729339 0.024024
0 0.490835 0.243539 0.15782 0.0687152
2 0.490835 0.243539 0.15782 0.0687152
2 0.376169 0.022335 0.207882 0.0441482
1 0.356776 0.98881 0.0723961 0.0202917
4 0.498298 0.981227 0.147489 0.0375456
1 0.518302 0.493586 0.101595 0.0612012
1 0.67013 0.17836 0.0862222 0.044983
1 0.346955 0.0536281 0.146507 0.0861007
4 0.57035 0.660458 0.172291 0.0854886
1 0.5367 0.637858 0.277225 0.170514
1 0.504575 0.230163 0.146729 0.0808211
1 0.174405 0.979049 0.0734619 0.0344464
0 0.535652 0.988331 0.126798 0.0219273
4 0.490835 0.243539 0.15782 0.0687152
1 0.330463 0.033467 0.210315 0.0653884
2 0.526204 0.983999 0.144872 0.0302189
1 0.462349 0.603917 0.230403 0.161895
1 0.351473 0.975575 0.213543 0.0488497
3 0.490835 0.243539 0.15782 0.0687152
1 0.515127 0.014634 0.210645 0.0272316
1 0.643945 0.987936 0.0638308 0.0233401
3 0.455748 0.61096 0.152955 0.0873864
1 0.479623 0.240625 0.0774729 0.057119
1 0.308659 0.989838 0.0835448 0.0189818
1 0.497985 0.614442 0.221685 0.112374
2 0.412473 0.97894 0.310622 0.0421205
3 0.498298 0.981227 0.147489 0.0375456
0 0.466916 0.982964 0.209159 0.0319982
2 0.513542 0.970622 0.17169 0.0528704
0 0.511546 0.976983 0.146529 0.0460331
1 0.359779 0.485168 0.102561 0.0587035
1 0.505571 0.977919 0.0740471 0.0346815
1 0.226387 0.99076 0.0704297 0.0174938
1 0.973705 0.98696 0.0502187 0.0245466
1 0.466348 0.253536 0.117705 0.0585941
1 0.357153 0.0139137 0.0754643 0.0260671
1 0.741202 0.981323 0.137597 0.0373539
4 0.455103 0.609826 0.153599 0.0823028
2 0.359382 0.985111 0.147813 0.0278134
1 0.514884 0.0205445 0.291787 0.0385946
0 0.507412 0.986512 0.100747 0.0238072
1 0.26248 0.649963 0.079821 0.0525203
1 0.538373 0.860391 0.0503632 0.0360731
1 0.497489 0.234505 0.243504 0.166401
1 0.551879 0.980088 0.243515 0.0398236
0 0.359377 0.987604 0.113724 0.0230815
1 0.506116 0.48404 0.102694 0.0565218
1 0.294594 0.934997 0.0876818 0.0560745
1 0.425349 0.0115402 0.19035 0.0224901
0 0.376169 0.022335 0.207882 0.0441482
1 0.331174 0.0197088 0.16671 0.0353831
1 0.371628 0.0104679 0.0729956 0.0208464
1 0.446456 0.0201895 0.184627 0.0376035
2 0.367728 0.98063 0.180525 0.0387394
2 0.577415 0.654247 0.231914 0.149571
1 0.31904 0.981819 0.191701 0.0346723
1 0.922197 0.199913 0.0511833 0.031961
1 0.675717 0.987045 0.203785 0.0241362
0 0.543253 0.647113 0.183424 0.0959724
1 0.318617 0.953242 0.125861 0.0757422
0 0.412473 0.97894 0.310622 0.0421205
1 0.531531 0.900095 0.0388521 0.02752
1 0.327022 0.291374 0.0767399 0.0533314
1 0.162917 0.975249 0.0755191 0.0448782
2 0.507412 0.986512 0.100747 0.0238072
1 0.20121 0.986152 0.114634 0.0238108
