1 0.216293 0.730044 0.0624976 0.0511889
1 0.713722 0.363546 0.0421365 0.0372817
1 0.454944 0.48352 0.797428 0.925354
1 0.736724 0.140871 0.0503711 0.0225051
0 0.21663 0.731681 0.0609729 0.0538678
1 0.546309 0.618097 0.854551 0.761228
1 0.312786 0.445086 0.625572 0.890172
1 0.498953 0.655821 0.0442622 0.0323598
1 0.270364 0.575619 0.540727 0.848762
1 0.221701 0.719701 0.0914416 0.0630197
1 0.715807 0.364693 0.0558061 0.0501989
1 0.557474 0.262872 0.0547732 0.0316026
1 0.664209 0.530125 0.671582 0.939751
1 0.463727 0.125718 0.871535 0.241988
1 0.271647 0.120192 0.505521 0.240384
1 0.655975 0.266293 0.0369026 0.0295293
1 0.877426 0.613779 0.0428544 0.0268973
1 0.571284 0.764458 0.0347894 0.0201307
1 0.460299 0.0737968 0.758956 0.144457
1 0.371098 0.47961 0.670283 0.435007
1 0.494911 0.655631 0.0570628 0.0430048
1 0.546123 0.26347 0.0543092 0.0365617
1 0.71539 0.354879 0.0382898 0.0253567
1 0.747588 0.294773 0.0361879 0.0243858
1 0.739934 0.456052 0.0506167 0.0260284
1 0.350481 0.385488 0.583296 0.436246
1 0.745623 0.453801 0.0365773 0.0212512
1 0.412776 0.864099 0.0547093 0.0309403
1 0.496668 0.639904 0.22742 0.20678
1 0.672872 0.842621 0.0491614 0.0251282
1 0.225303 0.736924 0.0656166 0.0505677
1 0.34485 0.242885 0.0616423 0.041954
1 0.622641 0.111442 0.703687 0.21875
1 0.747264 0.316768 0.0353732 0.0231399
1 0.263729 0.824425 0.0493906 0.0301885
1 0.747143 0.301614 0.0367635 0.029405
1 0.568255 0.262069 0.0499567 0.0275718
1 0.519995 0.428002 0.78035 0.460045
1 0.527118 0.724644 0.727075 0.481383
1 0.613035 0.754572 0.0366805 0.0232073
1 0.542691 0.528056 0.654169 0.411918
1 0.703405 0.565564 0.0407302 0.0225294
1 0.638294 0.929939 0.0538414 0.0223358
1 0.722873 0.579107 0.0642264 0.0457231
1 0.740819 0.589826 0.0679927 0.0507887
1 0.61628 0.617762 0.683881 0.468074
1 0.454588 0.2376 0.837141 0.475199
1 0.278176 0.575336 0.556066 0.421201
1 0.510518 0.385934 0.978963 0.771868
1 0.608787 0.280657 0.034364 0.0195807
1 0.65731 0.274976 0.0415666 0.0312993
1 0.463923 0.0463698 0.583047 0.090458
1 0.584756 0.265644 0.0648422 0.0262094
1 0.602159 0.165722 0.0693732 0.0299677
1 0.430477 0.127987 0.0547954 0.0241711
1 0.553138 0.157568 0.0457373 0.0185612
1 0.541599 0.792095 0.0519062 0.0279578
1 0.240856 0.732752 0.100826 0.070611
1 0.479893 0.326718 0.0418797 0.0211346
1 0.73093 0.462442 0.0548663 0.0313557
1 0.624337 0.812002 0.0501777 0.0290629
1 0.493498 0.413962 0.061585 0.0329852
1 0.310911 0.370054 0.0620852 0.0326008
1 0.524769 0.573545 0.0437234 0.0265082
1 0.611813 0.854466 0.0509605 0.0332899
1 0.597523 0.272528 0.0352396 0.0193138
2 0.218328 0.730353 0.0669549 0.052715
