1 0.525291 0.366757 0.324071 0.356949
0 0.526131 0.369259 0.324168 0.359595
3 0.525291 0.366757 0.324071 0.356949
4 0.526131 0.369259 0.324168 0.359595
2 0.526131 0.369259 0.324168 0.359595
1 0.972112 0.30979 0.0530209 0.257816
1 0.972546 0.253233 0.0533993 0.154126
1 0.0325578 0.465785 0.0651155 0.434507
3 0.969645 0.404238 0.0586282 0.477938
3 0.937516 0.46067 0.124968 0.599705
1 0.969645 0.404238 0.0586282 0.477938
1 0.538054 0.376392 0.172168 0.309546
1 0.0398341 0.537296 0.0788383 0.624763
1 0.556195 0.418812 0.499007 0.492108
1 0.942764 0.460811 0.114473 0.560771
1 0.975039 0.284866 0.0456539 0.135905
