1 0.390009 0.516034 0.263194 0.227989
1 0.397014 0.577434 0.36067 0.452704
0 0.574337 0.979419 0.101431 0.0396354
2 0.461417 0.674532 0.364201 0.580926
0 0.575135 0.975246 0.139314 0.0495072
1 0.406326 0.66275 0.458105 0.593562
2 0.462784 0.732808 0.263744 0.312581
1 0.296563 0.619733 0.522394 0.572747
2 0.562157 0.975544 0.149638 0.0479452
2 0.475489 0.755926 0.476073 0.458767
1 0.462475 0.676235 0.325049 0.49847
2 0.325593 0.660925 0.527178 0.6068
0 0.575065 0.983883 0.0792372 0.0276737
2 0.397014 0.577434 0.36067 0.452704
0 0.607032 0.979378 0.160968 0.0377554
0 0.400683 0.625073 0.400259 0.587785
1 0.563992 0.976437 0.149966 0.0471263
2 0.57963 0.728437 0.605049 0.543127
2 0.542257 0.958803 0.313034 0.0801368
2 0.528461 0.979155 0.230871 0.0416899
2 0.574337 0.979419 0.101431 0.0396354
2 0.586344 0.963538 0.21691 0.0679625
2 0.390009 0.516034 0.263194 0.227989
3 0.400964 0.624925 0.417692 0.596737
1 0.30456 0.531236 0.385441 0.466731
2 0.484057 0.811161 0.802233 0.367792
0 0.390009 0.516034 0.263194 0.227989
1 0.357839 0.479264 0.225707 0.252531
1 0.524519 0.975852 0.274508 0.0481621
1 0.522463 0.720536 0.511975 0.549507
0 0.608727 0.987939 0.139021 0.0211868
0 0.393624 0.570873 0.316975 0.384331
0 0.607914 0.969619 0.223684 0.0604275
1 0.432997 0.539884 0.248129 0.346512
4 0.397014 0.577434 0.36067 0.452704
4 0.390009 0.516034 0.263194 0.227989
