1 0.375207 0.336816 0.668023 0.628065
1 0.45611 0.447488 0.759274 0.821179
3 0.375077 0.500308 0.732221 0.754813
2 0.854411 0.460615 0.291178 0.68403
3 0.865444 0.42635 0.269111 0.712827
1 0.52473 0.586733 0.95054 0.826533
2 0.377476 0.33643 0.673497 0.628704
3 0.354402 0.348818 0.625269 0.56596
4 0.86153 0.473335 0.27694 0.629748
0 0.375207 0.336816 0.668023 0.628065
2 0.9429 0.479177 0.1142 0.717557
3 0.887012 0.356605 0.225976 0.502542
3 0.52473 0.586733 0.95054 0.826533
2 0.52342 0.5429 0.95316 0.907427
1 0.86042 0.439777 0.27916 0.611177
4 0.377476 0.33643 0.673497 0.628704
0 0.548699 0.48716 0.902601 0.974321
0 0.860539 0.465953 0.278922 0.69158
4 0.548699 0.48716 0.902601 0.974321
3 0.9429 0.479177 0.1142 0.717557
2 0.377671 0.502846 0.736713 0.752094
1 0.508346 0.312128 0.314308 0.583651
1 0.573154 0.554882 0.623605 0.842459
