1 0.504706 0.521836 0.241612 0.175301
2 0.683526 0.134834 0.0693655 0.0707107
1 0.856397 0.322218 0.0626154 0.0600298
1 0.686722 0.0195289 0.0814283 0.0356804
1 0.971345 0.49659 0.0564915 0.1063
1 0.611206 0.922663 0.0338892 0.0357925
0 0.505147 0.521487 0.243248 0.174132
1 0.682406 0.0215428 0.114398 0.0430855
2 0.500953 0.521311 0.242846 0.176654
3 0.505147 0.521487 0.243248 0.174132
1 0.458084 0.889039 0.0366404 0.0355192
1 0.0853414 0.74075 0.0231737 0.0225009
1 0.634063 0.0252684 0.229279 0.0505367
1 0.972389 0.450957 0.0552217 0.219377
4 0.505147 0.521487 0.243248 0.174132
1 0.0194941 0.856807 0.0386884 0.125625
1 0.705097 0.0280413 0.181193 0.0560826
1 0.97478 0.49513 0.0501112 0.0638452
1 0.1068 0.987106 0.0879673 0.0251454
1 0.194699 0.986802 0.168634 0.0258604
1 0.0253765 0.840708 0.050753 0.185648
1 0.977529 0.467888 0.044941 0.134987
1 0.876355 0.975964 0.222259 0.0480713
1 0.684919 0.134421 0.0704633 0.0778198
1 0.453091 0.883282 0.0330396 0.0309841
1 0.985605 0.73914 0.0287894 0.140578
1 0.0145891 0.66901 0.0290346 0.0675458
