1 0.523169 0.469913 0.313957 0.491612
2 0.969316 0.695649 0.0613677 0.199217
1 0.0291461 0.69256 0.0577851 0.152647
1 0.556461 0.346863 0.216473 0.270249
2 0.0295228 0.70349 0.057255 0.165429
2 0.883274 0.523933 0.129292 0.124628
1 0.439717 0.474477 0.636572 0.638576
2 0.973995 0.732321 0.0520104 0.134025
4 0.337844 0.419618 0.675689 0.825669
4 0.97234 0.712259 0.0553197 0.16805
1 0.541595 0.376684 0.26948 0.377413
0 0.0295228 0.70349 0.057255 0.165429
2 0.858627 0.540428 0.0743542 0.0766493
2 0.974407 0.62844 0.0511859 0.103787
4 0.523588 0.46852 0.311426 0.488491
4 0.0847826 0.411966 0.169565 0.425511
1 0.599616 0.46778 0.573058 0.582557
0 0.523588 0.46852 0.311426 0.488491
0 0.335032 0.472302 0.670065 0.828424
2 0.902837 0.524392 0.161982 0.161443
2 0.915283 0.679475 0.0550222 0.0581367
2 0.523588 0.46852 0.311426 0.488491
1 0.517298 0.524794 0.293009 0.30898
0 0.970859 0.703211 0.0575741 0.191449
1 0.0370406 0.661287 0.0740812 0.246669
4 0.108139 0.413758 0.213454 0.59001
1 0.915283 0.679475 0.0550222 0.0581367
1 0.335032 0.472302 0.670065 0.828424
1 0.750803 0.793336 0.0778724 0.0898217
4 0.174922 0.473485 0.340754 0.828306
4 0.143872 0.315483 0.284672 0.610885
3 0.030007 0.686881 0.060014 0.16517
2 0.0370406 0.661287 0.0740812 0.246669
2 0.376198 0.523967 0.70348 0.785646
4 0.280089 0.357584 0.548427 0.55534
2 0.0251995 0.674176 0.0503989 0.11544
1 0.0274348 0.683786 0.052309 0.0873912
3 0.523588 0.46852 0.311426 0.488491
1 0.969929 0.684646 0.0601416 0.216895
4 0.0295228 0.70349 0.057255 0.165429
1 0.0774591 0.30957 0.154364 0.469112
4 0.439717 0.474477 0.636572 0.638576
2 0.977138 0.616098 0.0457245 0.0689824
2 0.165914 0.506372 0.058979 0.0667154
0 0.0370406 0.661287 0.0740812 0.246669
1 0.532813 0.491369 0.174278 0.376222
0 0.174977 0.476702 0.344641 0.839075
3 0.969929 0.684646 0.0601416 0.216895
2 0.878218 0.533625 0.0941795 0.0992095
1 0.976772 0.616065 0.0464564 0.0715437
3 0.374565 0.575928 0.705728 0.759741
0 0.439717 0.474477 0.636572 0.638576
1 0.469652 0.486314 0.284308 0.359501
1 0.0516349 0.666644 0.10327 0.368907
2 0.959754 0.450616 0.0804916 0.295517
1 0.56173 0.300591 0.200623 0.171826
2 0.922098 0.473336 0.154123 0.299471
1 0.0369571 0.30754 0.0739142 0.150875
4 0.977469 0.73608 0.0450627 0.132118
0 0.965269 0.664791 0.0694628 0.198679
1 0.034563 0.603102 0.0689119 0.406496
