1 0.691075 0.243124 0.132835 0.118838
1 0.0310675 0.523092 0.062135 0.405885
2 0.0317823 0.483281 0.0635646 0.460381
2 0.677297 0.241133 0.133557 0.117387
1 0.038556 0.469749 0.0762451 0.542177
0 0.0332396 0.515916 0.0653489 0.478359
0 0.69135 0.241167 0.135862 0.117414
3 0.0330802 0.487538 0.0650914 0.506212
1 0.68791 0.233264 0.169799 0.189162
1 0.0318064 0.542478 0.0636128 0.207921
3 0.691348 0.243398 0.135436 0.116452
4 0.458149 0.44292 0.102883 0.103859
4 0.0317823 0.483281 0.0635646 0.460381
1 0.665286 0.241203 0.100209 0.110524
1 0.990329 0.439027 0.0193426 0.0976147
1 0.98646 0.426992 0.02708 0.105803
4 0.69135 0.241167 0.135862 0.117414
2 0.0389422 0.588382 0.0778844 0.455801
1 0.694338 0.239279 0.0593666 0.0895488
2 0.0426532 0.413291 0.0850229 0.563796
1 0.0267137 0.423607 0.0519361 0.489615
1 0.0463594 0.57646 0.0910255 0.515202
1 0.0307541 0.493055 0.0587247 0.208815
2 0.458149 0.44292 0.102883 0.103859
3 0.0449024 0.483301 0.0871084 0.660533
1 0.0333273 0.63084 0.0666547 0.424128
2 0.0318064 0.542478 0.0636128 0.207921
1 0.0907545 0.376004 0.037884 0.0580605
2 0.0300847 0.579264 0.0589326 0.343671
0 0.0306701 0.518849 0.0598866 0.299292
3 0.0307541 0.493055 0.0587247 0.208815
0 0.04363 0.514559 0.085103 0.635724
