2 0.314706 0.311571 0.154338 0.25243
1 0.630517 0.688358 0.261946 0.129522
2 0.71048 0.591638 0.0824615 0.0997452
1 0.71048 0.591638 0.0824615 0.0997452
1 0.636236 0.651285 0.273331 0.209762
1 0.51311 0.629984 0.205557 0.187291
1 0.314706 0.311571 0.154338 0.25243
2 0.710825 0.592224 0.0653277 0.0738744
1 0.710127 0.598558 0.110433 0.136339
1 0.710539 0.640806 0.138256 0.228353
2 0.303773 0.22119 0.0891867 0.0788099
2 0.710127 0.598558 0.110433 0.136339
1 0.670294 0.685792 0.230613 0.206602
1 0.528651 0.606413 0.296503 0.242965
0 0.314706 0.311571 0.154338 0.25243
1 0.435886 0.669745 0.117138 0.0963993
1 0.568559 0.633363 0.224428 0.18487
1 0.508486 0.608097 0.171381 0.132221
0 0.303773 0.22119 0.0891867 0.0788099
0 0.71048 0.591638 0.0824615 0.0997452
2 0.522957 0.609536 0.237828 0.212157
1 0.598574 0.618959 0.29471 0.267537
1 0.710825 0.592224 0.0653277 0.0738744
2 0.630517 0.688358 0.261946 0.129522
3 0.634697 0.689959 0.259903 0.135786
1 0.594901 0.866746 0.355061 0.266508
3 0.314706 0.311571 0.154338 0.25243
1 0.654311 0.596998 0.247668 0.227042
1 0.605668 0.917752 0.301666 0.163056
2 0.710539 0.640806 0.138256 0.228353
2 0.636236 0.651285 0.273331 0.209762
2 0.358512 0.313438 0.243776 0.282529
1 0.597806 0.689233 0.179168 0.105684
