1 0.51342 0.469948 0.638724 0.460566
2 0.623572 0.943049 0.106228 0.107914
1 0.522706 0.358369 0.775677 0.674676
1 0.507061 0.548034 0.685983 0.734615
1 0.651187 0.190294 0.0526918 0.0564804
1 0.965487 0.266309 0.0667881 0.117469
3 0.51342 0.469948 0.638724 0.460566
1 0.0718075 0.486475 0.143615 0.179625
1 0.622786 0.944593 0.108167 0.103784
3 0.475366 0.595962 0.774084 0.761927
1 0.795998 0.157941 0.0832533 0.0715011
4 0.503598 0.47701 0.635949 0.451854
2 0.518749 0.439931 0.65105 0.46749
0 0.51342 0.469948 0.638724 0.460566
