1 0.376842 0.130103 0.0746043 0.0746758
1 0.406471 0.487755 0.630984 0.369412
1 0.380665 0.0259287 0.209988 0.0510965
1 0.209273 0.885741 0.0387695 0.0248033
1 0.288967 0.821018 0.0828201 0.0540967
2 0.581393 0.969004 0.239172 0.0619247
1 0.573961 0.972375 0.21632 0.0552504
1 0.375387 0.0198627 0.166954 0.0397255
1 0.534578 0.632073 0.765017 0.640809
1 0.237104 0.861847 0.0296553 0.0272515
1 0.381255 0.113532 0.109615 0.0956143
2 0.588622 0.978734 0.20562 0.0425323
1 0.841338 0.120852 0.0831825 0.0574249
1 0.231795 0.865366 0.0281596 0.0231749
1 0.203828 0.842691 0.0388334 0.0302386
1 0.342789 0.608517 0.0953249 0.0690569
1 0.227567 0.862458 0.0270329 0.0203951
1 0.471669 0.712377 0.0305754 0.0255518
1 0.446734 0.0151266 0.101727 0.0294195
1 0.444373 0.0220812 0.226583 0.0441625
0 0.573961 0.972375 0.21632 0.0552504
1 0.202049 0.890195 0.0391168 0.0217861
2 0.578816 0.94535 0.25103 0.106378
1 0.356074 0.586662 0.712149 0.516149
1 0.520861 0.671135 0.0374757 0.0248051
1 0.208076 0.870536 0.0360959 0.0222973
1 0.414862 0.671252 0.661914 0.446863
0 0.377598 0.128441 0.0774198 0.0788503
1 0.267798 0.941338 0.0357805 0.0311184
0 0.58459 0.957848 0.250975 0.0843033
1 0.382688 0.990552 0.0491869 0.0178968
1 0.768544 0.71928 0.0356151 0.0261359
1 0.298861 0.0682503 0.1002 0.0742547
1 0.208048 0.854123 0.0371227 0.0205515
1 0.256545 0.852796 0.027625 0.0222114
1 0.58459 0.957848 0.250975 0.0843033
1 0.713061 0.188 0.0263394 0.0196141
2 0.288967 0.821018 0.0828201 0.0540967
1 0.580007 0.804959 0.0355895 0.0268293
1 0.548568 0.801302 0.0457811 0.0377531
1 0.314463 0.906089 0.0355025 0.0287886
1 0.987273 0.986388 0.025453 0.0235867
1 0.641875 0.974917 0.343929 0.0493275
1 0.0806896 0.906115 0.0555824 0.0559511
1 0.516692 0.675875 0.0326138 0.0221068
1 0.558084 0.798156 0.0425033 0.0320269
1 0.294836 0.989543 0.0577751 0.019712
1 0.649423 0.982645 0.285563 0.0347106
1 0.571422 0.799508 0.0304363 0.0256391
2 0.649423 0.982645 0.285563 0.0347106
1 0.464293 0.623136 0.0289481 0.0232312
1 0.550416 0.796777 0.0361438 0.0259729
1 0.449927 0.0118966 0.0754497 0.0237932
1 0.386928 0.0409192 0.322152 0.0818383
1 0.303186 0.0509744 0.105012 0.0597705
1 0.409408 0.707503 0.0311453 0.0249464
1 0.204957 0.989384 0.0475464 0.0210207
1 0.472099 0.62138 0.0260469 0.0240356
2 0.641875 0.974917 0.343929 0.0493275
1 0.15267 0.935872 0.0348111 0.0334802
2 0.376645 0.128599 0.0777757 0.0788158
1 0.492041 0.437693 0.0347809 0.0245037
1 0.270004 0.936982 0.0278811 0.0268247
1 0.36526 0.987992 0.101168 0.0228001
3 0.376645 0.128599 0.0777757 0.0788158
1 0.325939 0.0294541 0.178873 0.0553985
1 0.331829 0.0742132 0.124732 0.0764287
1 0.294552 0.574062 0.554373 0.330731
1 0.159323 0.864243 0.0344276 0.0304821
1 0.384339 0.625993 0.582923 0.282462
1 0.515417 0.970109 0.129872 0.0562151
1 0.202261 0.856277 0.0347163 0.0189236
1 0.214529 0.843507 0.0448879 0.0299828
1 0.327639 0.0186479 0.134135 0.0372959
1 0.373808 0.668134 0.0326809 0.0243713
1 0.967609 0.514148 0.0580597 0.0575049
1 0.758034 0.0775051 0.0206864 0.0138256
1 0.718582 0.106535 0.0635655 0.0470107
1 0.978688 0.526688 0.0426243 0.0685033
1 0.587886 0.801701 0.0320022 0.0254647
1 0.36254 0.614609 0.0593895 0.047111
1 0.370317 0.667033 0.0256305 0.0169232
0 0.641875 0.974917 0.343929 0.0493275
1 0.344361 0.737753 0.0297169 0.0181171
1 0.392688 0.760476 0.0330989 0.0200115
4 0.380665 0.0259287 0.209988 0.0510965
3 0.840105 0.121205 0.0879973 0.0595455
2 0.524476 0.921964 0.123999 0.0715233
1 0.303177 0.985773 0.0711694 0.0227892
1 0.153732 0.862388 0.035816 0.0404413
1 0.790582 0.087274 0.0306672 0.0213915
1 0.637107 0.635346 0.0265874 0.0217633
1 0.242326 0.898319 0.0337321 0.0271973
1 0.443366 0.021037 0.145974 0.0407379
1 0.634596 0.830015 0.044127 0.0330292
1 0.772851 0.0584514 0.0201662 0.0154069
1 0.19873 0.919053 0.0244134 0.0201521
1 0.59823 0.459297 0.0250141 0.0203892
1 0.198988 0.867575 0.0355951 0.0190195
1 0.58621 0.809391 0.0351531 0.0279714
1 0.470497 0.651691 0.0222553 0.0199744
3 0.581393 0.969004 0.239172 0.0619247
1 0.218007 0.891077 0.0400415 0.0215115
1 0.576989 0.811769 0.035489 0.0264099
