2 0.518375 0.591049 0.0980932 0.0643924
0 0.516313 0.591867 0.0966819 0.0677868
1 0.518165 0.591958 0.10273 0.0664243
2 0.653059 0.953966 0.304508 0.0920687
1 0.567589 0.501437 0.150877 0.114809
3 0.51848 0.592576 0.0999257 0.0652924
2 0.552977 0.949895 0.720768 0.0995098
4 0.51818 0.591512 0.0960378 0.0666712
4 0.653059 0.953966 0.304508 0.0920687
2 0.565183 0.503887 0.158751 0.11432
2 0.64698 0.97214 0.319161 0.0512871
1 0.558888 0.511279 0.112167 0.0919196
1 0.429154 0.323532 0.150638 0.124043
1 0.361629 0.289649 0.262296 0.194174
2 0.535747 0.586433 0.146015 0.0714957
4 0.552977 0.949895 0.720768 0.0995098
1 0.394711 0.312559 0.212009 0.165813
0 0.552977 0.949895 0.720768 0.0995098
2 0.719899 0.9602 0.384098 0.0795536
1 0.879408 0.403523 0.0902688 0.0806657
2 0.542509 0.929712 0.872686 0.140577
2 0.638726 0.934187 0.476889 0.131627
1 0.571907 0.0831307 0.0477616 0.0431761
0 0.572469 0.497687 0.156577 0.116266
