1 0.490645 0.553486 0.167832 0.256715
1 0.976139 0.527611 0.0446823 0.092021
2 0.835518 0.623568 0.322765 0.499853
2 0.913997 0.674149 0.172005 0.481875
1 0.965466 0.526184 0.0690672 0.127091
2 0.490484 0.55352 0.166811 0.259931
4 0.147355 0.628503 0.293113 0.346757
0 0.491885 0.553202 0.167357 0.247229
3 0.491885 0.553202 0.167357 0.247229
0 0.833422 0.664632 0.323261 0.550353
2 0.755586 0.615523 0.190362 0.325846
1 0.485312 0.546337 0.0967922 0.227556
2 0.965466 0.526184 0.0690672 0.127091
2 0.793773 0.577548 0.277096 0.330051
2 0.737007 0.559401 0.488789 0.579235
1 0.983822 0.52807 0.0323567 0.0833902
1 0.455741 0.577304 0.270118 0.364012
2 0.916741 0.600078 0.166519 0.281751
4 0.490903 0.552215 0.169005 0.253544
1 0.506451 0.526508 0.242255 0.30531
0 0.965466 0.526184 0.0690672 0.127091
2 0.940619 0.697037 0.111555 0.496802
4 0.206181 0.659676 0.371763 0.375758
2 0.146734 0.629662 0.290517 0.340199
4 0.835207 0.570606 0.315493 0.468293
2 0.75863 0.618155 0.122876 0.253881
1 0.970465 0.501149 0.0557281 0.144867
4 0.269373 0.612349 0.525749 0.50766
1 0.950681 0.500956 0.0986375 0.206119
2 0.894294 0.597083 0.203296 0.45701
0 0.892631 0.684861 0.214739 0.539728
4 0.915863 0.641472 0.168273 0.440563
2 0.660764 0.533586 0.678471 0.691166
