3 0.527326 0.480645 0.15243 0.0780998
1 0.525235 0.48063 0.145205 0.0765242
0 0.435004 0.0654292 0.228575 0.128437
0 0.503491 0.061629 0.367753 0.122572
2 0.443974 0.0654069 0.243642 0.12884
1 0.480692 0.832027 0.055299 0.0471252
1 0.443974 0.0654069 0.243642 0.12884
0 0.374748 0.0536837 0.326084 0.106203
0 0.527326 0.480645 0.15243 0.0780998
2 0.494651 0.0586066 0.160486 0.112073
0 0.469785 0.0869497 0.363192 0.173899
3 0.55489 0.468514 0.203095 0.0893147
2 0.510945 0.0584065 0.300454 0.114808
0 0.565361 0.0714157 0.557331 0.142831
4 0.444664 0.0650886 0.245206 0.130177
3 0.529007 0.487448 0.240232 0.182639
2 0.560997 0.062012 0.528491 0.123131
0 0.300176 0.0335014 0.204389 0.0643525
1 0.560997 0.062012 0.528491 0.123131
1 0.206994 0.895728 0.0428 0.0297501
2 0.469785 0.0869497 0.363192 0.173899
0 0.504358 0.0589448 0.169178 0.112359
0 0.577245 0.10978 0.69056 0.219561
3 0.582221 0.480782 0.274978 0.110611
2 0.527326 0.480645 0.15243 0.0780998
1 0.982744 0.5581 0.0345114 0.0745742
3 0.444664 0.0650886 0.245206 0.130177
1 0.300176 0.0335014 0.204389 0.0643525
1 0.562652 0.907915 0.0608428 0.0482973
2 0.272033 0.0298777 0.148657 0.0597553
0 0.386479 0.098941 0.456125 0.197882
2 0.374748 0.0536837 0.326084 0.106203
0 0.620232 0.0374433 0.56018 0.0721756
2 0.325916 0.0362729 0.254189 0.0698778
3 0.480692 0.832027 0.055299 0.0471252
1 0.486231 0.839357 0.0472183 0.0449852
3 0.563378 0.457589 0.299776 0.163205
1 0.52025 0.984922 0.103489 0.0301553
1 0.620232 0.0374433 0.56018 0.0721756
1 0.529007 0.487448 0.240232 0.182639
4 0.494651 0.0586066 0.160486 0.112073
4 0.50535 0.0688699 0.401778 0.13774
0 0.327141 0.024085 0.263564 0.0477183
1 0.374748 0.0536837 0.326084 0.106203
3 0.560997 0.062012 0.528491 0.123131
3 0.529827 0.475592 0.100847 0.0746892
