1 0.970771 0.343283 0.0584589 0.142013
1 0.981032 0.462682 0.0379359 0.136281
1 0.971601 0.467729 0.0567972 0.149576
1 0.978902 0.40362 0.0421952 0.224418
1 0.978747 0.368351 0.0425056 0.130999
0 0.981128 0.462434 0.0377449 0.13542
2 0.981032 0.462682 0.0379359 0.136281
1 0.988559 0.486547 0.0228828 0.126193
0 0.971627 0.365346 0.0567458 0.170736
1 0.44215 0.547511 0.137154 0.149624
1 0.654263 0.692856 0.0933221 0.125068
1 0.976102 0.499408 0.0477963 0.1866
2 0.971195 0.354372 0.05761 0.157305
1 0.669598 0.531285 0.10885 0.129315
3 0.974015 0.469028 0.0519691 0.165156
1 0.647171 0.40085 0.110573 0.118975
3 0.971195 0.354372 0.05761 0.157305
1 0.985441 0.359684 0.0291185 0.122144
