1 0.7738 0.480363 0.0818416 0.0484571
2 0.775359 0.481694 0.0812768 0.047611
1 0.560965 0.583611 0.0683135 0.0361177
0 0.77399 0.482261 0.0838488 0.0473918
1 0.603684 0.378285 0.0429248 0.0359094
1 0.356323 0.172359 0.0438507 0.0293509
1 0.0231848 0.0997635 0.0463696 0.0402072
1 0.192469 0.500732 0.0461493 0.0280495
1 0.349401 0.571889 0.0447353 0.0288891
1 0.513165 0.890329 0.0491536 0.043553
1 0.200406 0.503745 0.0456594 0.0271464
1 0.538556 0.721482 0.0456178 0.0377441
1 0.246114 0.242289 0.0639068 0.0464171
2 0.751894 0.479724 0.119862 0.0587405
1 0.624762 0.971086 0.135009 0.047627
1 0.338474 0.566042 0.0466972 0.0307993
1 0.626663 0.967422 0.0907719 0.0431614
1 0.343857 0.16771 0.0578771 0.0350989
1 0.514219 0.886317 0.0376241 0.0337843
1 0.235206 0.737981 0.0484044 0.0364453
2 0.137206 0.969996 0.0701757 0.0475291
1 0.54821 0.728958 0.047275 0.041113
1 0.214391 0.131394 0.038757 0.0357836
1 0.637731 0.737037 0.0380759 0.0294881
1 0.364669 0.177623 0.0445113 0.0295427
1 0.751894 0.479724 0.119862 0.0587405
1 0.650701 0.977153 0.235158 0.0433972
1 0.643147 0.311563 0.054567 0.0392985
1 0.269594 0.527726 0.0400443 0.0243425
1 0.34273 0.210412 0.0379354 0.026923
1 0.169409 0.489487 0.0449113 0.0312795
1 0.606525 0.650007 0.0375771 0.0305952
4 0.775337 0.481538 0.0834234 0.0475885
3 0.775337 0.481538 0.0834234 0.0475885
1 0.794302 0.481821 0.0962262 0.0524866
1 0.442755 0.246846 0.0331753 0.024044
1 0.326684 0.560931 0.049298 0.0323375
1 0.23496 0.970831 0.103406 0.0510872
1 0.177747 0.493168 0.0495152 0.0303016
1 0.426033 0.213075 0.0266111 0.0224675
1 0.205024 0.720032 0.0531002 0.0363795
1 0.352303 0.169741 0.0579018 0.0510783
1 0.369853 0.585471 0.0305846 0.0248389
1 0.446156 0.186386 0.0238832 0.0204884
1 0.0397035 0.742512 0.0261749 0.0185259
1 0.677296 0.983187 0.147478 0.0304144
1 0.419491 0.845738 0.0431586 0.0375662
1 0.432928 0.552441 0.0549131 0.0455083
1 0.49007 0.646329 0.0392792 0.0300203
2 0.794302 0.481821 0.0962262 0.0524866
1 0.03554 0.620776 0.0710799 0.0707108
1 0.0683023 0.220893 0.05058 0.0489821
1 0.619463 0.7229 0.0353459 0.0262633
1 0.735564 0.778153 0.0305698 0.0200489
1 0.305659 0.43635 0.0279025 0.0211717
1 0.505272 0.685952 0.0409608 0.0297915
1 0.857162 0.85079 0.036347 0.0288464
1 0.739119 0.781694 0.028027 0.018692
1 0.749114 0.25845 0.0529049 0.0332263
1 0.551715 0.450419 0.0285099 0.0251439
1 0.600962 0.711819 0.0296783 0.0233048
0 0.677296 0.983187 0.147478 0.0304144
1 0.318553 0.788288 0.0464116 0.0346818
1 0.63535 0.782454 0.0479466 0.0295527
1 0.410435 0.317412 0.0991643 0.0514806
1 0.507969 0.891348 0.101391 0.0703235
1 0.279832 0.533897 0.0431797 0.0299081
1 0.774199 0.479633 0.109935 0.0854496
1 0.862961 0.856354 0.0417137 0.0319113
2 0.559393 0.586224 0.0727727 0.0401683
1 0.631222 0.730707 0.0432209 0.0341434
1 0.75615 0.81574 0.0317576 0.0279863
1 0.826126 0.83748 0.0332721 0.0217097
0 0.650701 0.977153 0.235158 0.0433972
1 0.439618 0.979945 0.122739 0.0401108
1 0.222341 0.731547 0.0618189 0.0446033
1 0.428701 0.324819 0.0713646 0.0442692
1 0.616083 0.962756 0.0643162 0.0412211
1 0.617806 0.654631 0.0403549 0.0311837
1 0.484483 0.474831 0.0526615 0.0410133
1 0.124223 0.674525 0.0471771 0.0326876
1 0.384827 0.590663 0.0329665 0.0254574
1 0.594815 0.705723 0.0338429 0.022084
1 0.715978 0.764325 0.0322498 0.019739
1 0.498131 0.773024 0.0347117 0.02956
1 0.317419 0.558055 0.044903 0.0296797
1 0.388551 0.198808 0.0279973 0.0212871
1 0.250602 0.744949 0.0508236 0.0352345
4 0.534658 0.81525 0.852627 0.3695
1 0.237434 0.240365 0.0475594 0.0379454
1 0.51003 0.890716 0.308019 0.112876
1 0.405559 0.835576 0.0357622 0.0317135
1 0.105438 0.839617 0.0439106 0.0302006
1 0.501371 0.881548 0.0772105 0.058412
