1 0.455399 0.412161 0.086693 0.0765923
1 0.483504 0.624269 0.0874525 0.0927405
1 0.544145 0.408024 0.110203 0.122879
1 0.485168 0.512323 0.0901047 0.109588
1 0.381478 0.97705 0.314001 0.0459007
2 0.542867 0.403496 0.10977 0.117052
2 0.455526 0.4107 0.0849701 0.0774892
0 0.455526 0.4107 0.0849701 0.0774892
1 0.44914 0.409853 0.059235 0.0639092
1 0.434639 0.979089 0.221635 0.0410957
1 0.848012 0.0157236 0.0900234 0.0307603
1 0.262651 0.0815603 0.0720206 0.0469164
0 0.542867 0.403496 0.10977 0.117052
1 0.862842 0.0114778 0.0923135 0.0223606
1 0.481186 0.620199 0.0605249 0.0700889
1 0.201746 0.0151296 0.0719558 0.0294371
1 0.23839 0.0147737 0.114757 0.0295473
1 0.478061 0.977492 0.151407 0.045016
1 0.295204 0.669338 0.029511 0.0470371
1 0.873477 0.0143122 0.125787 0.0284983
0 0.484621 0.624235 0.0863687 0.0946202
1 0.468966 0.401635 0.20796 0.172573
1 0.552154 0.412115 0.167955 0.149856
1 0.473124 0.39991 0.126549 0.102027
1 0.431583 0.74286 0.0393951 0.0369012
3 0.456169 0.410445 0.0915151 0.0781654
1 0.0393653 0.254788 0.0319076 0.0257173
1 0.831207 0.0173081 0.0689373 0.0299522
2 0.484924 0.624471 0.0885698 0.0934527
1 0.421254 0.969397 0.361221 0.0547839
1 0.778538 0.44661 0.0548736 0.0479299
1 0.572031 0.98757 0.131078 0.024696
1 0.496983 0.63796 0.0920059 0.094861
3 0.544547 0.409433 0.112619 0.118713
1 0.31232 0.981654 0.213046 0.0366915
1 0.366945 0.983378 0.159999 0.0331801
1 0.500666 0.975781 0.318555 0.0484388
3 0.484924 0.624471 0.0885698 0.0934527
1 0.463001 0.62874 0.108595 0.104587
1 0.16805 0.263331 0.0366709 0.0283363
1 0.427565 0.0205948 0.0705243 0.0343785
1 0.499083 0.492929 0.108739 0.119225
0 0.416459 0.977126 0.313282 0.0457481
4 0.456169 0.410445 0.0915151 0.0781654
1 0.735878 0.0104402 0.0838081 0.0208804
1 0.477527 0.502589 0.210526 0.243041
1 0.537105 0.982008 0.27612 0.0359841
1 0.581796 0.990288 0.0591297 0.0187903
1 0.478474 0.611056 0.20148 0.22639
1 0.471389 0.607856 0.096108 0.0845748
2 0.416459 0.977126 0.313282 0.0457481
1 0.478927 0.626353 0.169733 0.147785
1 0.849368 0.0160705 0.0579398 0.0278724
1 0.417008 0.0259268 0.0638151 0.0369488
1 0.583142 0.936362 0.0628366 0.0407715
1 0.349418 0.887741 0.0389027 0.0437584
1 0.86607 0.0238702 0.147091 0.0477405
1 0.262043 0.0127155 0.131872 0.0247171
1 0.535219 0.388472 0.0936085 0.0983235
4 0.542867 0.403496 0.10977 0.117052
1 0.581678 0.988479 0.0827117 0.0227831
1 0.462108 0.402776 0.0596995 0.0641104
1 0.839966 0.0224515 0.0882411 0.0395203
1 0.488246 0.506331 0.0606875 0.0739266
1 0.862004 0.0110509 0.0549978 0.0221018
1 0.874678 0.446832 0.0763658 0.0664912
1 0.0497424 0.15648 0.0685677 0.0395786
1 0.758542 0.446151 0.0808943 0.0489769
1 0.557306 0.430036 0.097745 0.114195
1 0.514492 0.0201946 0.0473689 0.0258978
1 0.312393 0.157524 0.0608753 0.0563716
