1 0.485501 0.507709 0.256861 0.133856
1 0.414409 0.0812846 0.0838721 0.0801219
1 0.4534 0.0179026 0.0799271 0.0358052
1 0.312955 0.717557 0.0828493 0.0568884
1 0.637393 0.979624 0.0833318 0.0380087
1 0.44957 0.507926 0.206781 0.0929738
1 0.433959 0.0560138 0.0872563 0.0636868
1 0.697926 0.3704 0.0607808 0.0535909
1 0.467401 0.475537 0.249596 0.172843
1 0.500386 0.895069 0.0832873 0.0519681
2 0.415037 0.0822258 0.0794221 0.0805367
4 0.486594 0.506882 0.260969 0.138174
0 0.486594 0.506882 0.260969 0.138174
1 0.5327 0.499666 0.212781 0.129131
0 0.41557 0.0829798 0.084107 0.0784082
1 0.350371 0.6663 0.0621285 0.0413689
3 0.486594 0.506882 0.260969 0.138174
1 0.385123 0.510026 0.0942548 0.0634103
1 0.629346 0.976239 0.109125 0.0475224
2 0.486594 0.506882 0.260969 0.138174
1 0.444012 0.0235461 0.088623 0.0470922
3 0.414409 0.0812846 0.0838721 0.0801219
1 0.400799 0.394191 0.0779659 0.0429518
1 0.487988 0.891245 0.0685633 0.0386246
1 0.660495 0.117151 0.0980659 0.0932294
1 0.343382 0.816846 0.0652723 0.0510732
4 0.41557 0.0829798 0.084107 0.0784082
1 0.0172214 0.266716 0.0344428 0.0560858
1 0.314657 0.713324 0.107804 0.0992574
1 0.864382 0.333825 0.0450566 0.0366777
1 0.699497 0.707085 0.0769427 0.0605566
1 0.0526256 0.879928 0.0345711 0.0235289
1 0.947755 0.326361 0.0659844 0.0523022
1 0.391236 0.0782145 0.0924849 0.0755759
