1 0.519129 0.480284 0.879425 0.862342
0 0.601792 0.841252 0.619642 0.317496
1 0.417854 0.38369 0.762311 0.653179
0 0.699648 0.86618 0.487539 0.262336
1 0.83572 0.387828 0.263526 0.219111
1 0.490106 0.666717 0.0627094 0.0404161
1 0.668698 0.324175 0.0318991 0.0248044
0 0.594693 0.902851 0.687987 0.191125
1 0.322461 0.389027 0.0885676 0.0600475
3 0.546972 0.865111 0.730995 0.269779
1 0.337764 0.386069 0.120715 0.0884887
1 0.354781 0.284924 0.68088 0.454166
4 0.52012 0.566101 0.875733 0.867798
4 0.35171 0.805641 0.0891357 0.108664
0 0.536527 0.789645 0.776712 0.42071
1 0.59515 0.623698 0.775001 0.734036
1 0.0334387 0.579371 0.065383 0.0892341
1 0.501348 0.662501 0.0642465 0.0352557
2 0.546972 0.865111 0.730995 0.269779
1 0.526915 0.515768 0.837636 0.453527
1 0.601167 0.839937 0.630862 0.320126
1 0.688466 0.288702 0.0284504 0.0272324
2 0.859381 0.388093 0.22613 0.209273
1 0.524495 0.646419 0.478039 0.194115
3 0.483591 0.91763 0.704889 0.16234
3 0.52012 0.566101 0.875733 0.867798
1 0.463878 0.430252 0.0360214 0.0238167
1 0.357 0.245895 0.0493859 0.04605
1 0.67303 0.358827 0.0328243 0.0268315
0 0.871193 0.387708 0.220354 0.214593
1 0.488273 0.786881 0.803332 0.419739
1 0.504475 0.658424 0.045125 0.0293453
0 0.0286755 0.580047 0.0499901 0.0863405
0 0.727334 0.917908 0.508944 0.160799
1 0.418837 0.571616 0.778571 0.6453
1 0.35171 0.805641 0.0891357 0.108664
4 0.546972 0.865111 0.730995 0.269779
0 0.52012 0.566101 0.875733 0.867798
1 0.288691 0.969677 0.345659 0.0589025
1 0.395052 0.742104 0.0530398 0.036546
1 0.535861 0.46835 0.0697081 0.0339116
3 0.478314 0.956159 0.634567 0.0859743
1 0.351118 0.920862 0.279553 0.149444
1 0.689927 0.538893 0.0632539 0.03357
2 0.594229 0.798785 0.64753 0.40243
1 0.077691 0.645096 0.059116 0.0474351
1 0.353586 0.467429 0.0382004 0.025675
1 0.321726 0.396315 0.0656839 0.0459486
1 0.285594 0.366911 0.571188 0.65415
1 0.484974 0.661372 0.0492269 0.0315741
1 0.790708 0.522514 0.124718 0.0756328
1 0.492086 0.671984 0.795626 0.446419
1 0.704966 0.865488 0.496818 0.264746
1 0.0284117 0.793075 0.0568235 0.088089
1 0.873472 0.985065 0.105152 0.0275518
1 0.296129 0.937813 0.355643 0.123153
2 0.704966 0.865488 0.496818 0.264746
1 0.988917 0.512857 0.0221651 0.0329759
1 0.860424 0.98693 0.0609469 0.0237681
3 0.488273 0.786881 0.803332 0.419739
2 0.531443 0.914377 0.694159 0.167955
