1 0.464617 0.456431 0.319967 0.823088
3 0.464905 0.455794 0.319674 0.827973
2 0.470248 0.488248 0.329325 0.901578
1 0.0613408 0.488271 0.122682 0.40755
1 0.563269 0.412923 0.566741 0.825846
0 0.464905 0.455794 0.319674 0.827973
2 0.448564 0.620547 0.280372 0.559456
4 0.464905 0.455794 0.319674 0.827973
2 0.558276 0.507385 0.5803 0.967445
1 0.466137 0.287214 0.291059 0.574427
3 0.555551 0.469114 0.55183 0.924024
1 0.0490927 0.59417 0.0981855 0.477141
1 0.0418609 0.424649 0.0837218 0.430204
1 0.936826 0.401966 0.126349 0.44347
3 0.449003 0.513636 0.288021 0.377108
2 0.934549 0.405394 0.130901 0.48588
0 0.932149 0.470939 0.135701 0.590417
1 0.932324 0.520583 0.135352 0.608034
1 0.0980376 0.474889 0.196075 0.48588
0 0.555551 0.469114 0.55183 0.924024
