1 0.0805018 0.394592 0.11329 0.171043
1 0.358931 0.245391 0.132179 0.198251
1 0.500013 0.254743 0.138243 0.190306
1 0.139847 0.269485 0.137679 0.239033
1 0.5182 0.213229 0.147766 0.184763
1 0.0965867 0.353014 0.193173 0.384188
1 0.0805603 0.389352 0.0590377 0.137706
1 0.364434 0.257421 0.195144 0.292096
3 0.0817613 0.392687 0.114766 0.176639
1 0.102306 0.372111 0.12828 0.195592
3 0.50187 0.253579 0.138428 0.186255
0 0.0836591 0.393329 0.116066 0.182164
3 0.639913 0.478339 0.720175 0.470693
1 0.499815 0.248761 0.191982 0.300858
1 0.505668 0.236203 0.0945647 0.159018
4 0.0809936 0.395593 0.112983 0.172243
3 0.357969 0.244023 0.14341 0.190731
1 0.139249 0.247703 0.184974 0.309979
