1 0.392881 0.893442 0.0975712 0.0703165
1 0.473557 0.187912 0.065928 0.0387895
1 0.671799 0.927167 0.085695 0.0738512
1 0.692001 0.687502 0.0861494 0.0613066
1 0.539795 0.658748 0.0585929 0.0531473
1 0.581157 0.241352 0.0462775 0.0472615
1 0.0294244 0.621049 0.058131 0.0535978
1 0.627647 0.313721 0.109822 0.0613824
1 0.867806 0.663036 0.079228 0.0495946
1 0.402752 0.560149 0.074555 0.0484274
1 0.315817 0.724639 0.0672114 0.0386959
1 0.528889 0.328857 0.0608276 0.0331208
1 0.33816 0.275884 0.0573896 0.045697
1 0.677251 0.411628 0.0589977 0.034629
1 0.881675 0.35701 0.0588801 0.0403149
1 0.206103 0.160656 0.0532932 0.0427293
1 0.205869 0.2139 0.0695718 0.0426737
1 0.622028 0.667718 0.0753615 0.0496505
1 0.784551 0.689889 0.0582596 0.0516913
1 0.573517 0.595055 0.0692898 0.039088
1 0.628654 0.44438 0.0453021 0.0301325
1 0.547446 0.584423 0.0840037 0.0539274
1 0.517607 0.326455 0.0443106 0.0238599
1 0.377672 0.562304 0.0432664 0.0325018
1 0.40948 0.552636 0.0649207 0.0418853
1 0.270033 0.00989573 0.0698269 0.0197915
1 0.0741256 0.300849 0.0547044 0.0303598
1 0.840656 0.67498 0.0924265 0.0512135
1 0.388876 0.566163 0.0659015 0.0466871
1 0.42104 0.278078 0.0577566 0.0439239
1 0.203572 0.734628 0.0622908 0.0556893
1 0.332424 0.714805 0.0589907 0.0306291
1 0.910793 0.27919 0.0768143 0.044692
1 0.323292 0.282518 0.0682957 0.0478392
1 0.711832 0.402106 0.065553 0.0427211
1 0.523843 0.567493 0.0861322 0.0632781
1 0.729453 0.401142 0.0550372 0.0427706
1 0.686697 0.406083 0.069533 0.0433354
1 0.307491 0.30726 0.0650589 0.0328199
1 0.610585 0.316618 0.0738493 0.0496893
1 0.346168 0.630669 0.073814 0.0464626
1 0.422991 0.270448 0.0461298 0.03875
1 0.561249 0.600666 0.0596726 0.0397413
1 0.291183 0.240357 0.0724808 0.045759
1 0.635748 0.315033 0.0754784 0.052632
1 0.524326 0.282171 0.0632059 0.0417672
1 0.601362 0.0819201 0.242576 0.152576
1 0.397204 0.131132 0.0564433 0.0463807
1 0.585586 0.589055 0.051781 0.0274435
1 0.539348 0.33339 0.050101 0.032827
1 0.619171 0.378653 0.037169 0.0273628
1 0.406559 0.571671 0.0517677 0.0373279
1 0.316135 0.463908 0.0843444 0.0679893
1 0.303056 0.721517 0.0447541 0.0293504
1 0.525609 0.268919 0.0520954 0.0414324
1 0.688398 0.34875 0.0663203 0.0462599
1 0.533778 0.650891 0.0498752 0.0375651
1 0.689805 0.677999 0.0716726 0.0491049
1 0.191646 0.0794146 0.063839 0.058122
1 0.871998 0.354438 0.0464604 0.0316226
1 0.199803 0.154882 0.0660235 0.0718845
1 0.0906322 0.441279 0.0591066 0.0550549
1 0.330547 0.72766 0.0607405 0.0400684
1 0.612171 0.0911067 0.0339877 0.0224739
1 0.358573 0.637375 0.0858397 0.0477689
1 0.471675 0.180107 0.0555983 0.0389619
1 0.634002 0.674253 0.0716781 0.0463298
1 0.663019 0.680359 0.0927408 0.0618332
1 0.342038 0.698709 0.0607407 0.0275652
1 0.335611 0.69032 0.0684498 0.0531841
1 0.286821 0.523602 0.0509849 0.0333316
1 0.349286 0.682353 0.0490847 0.0277983
1 0.578067 0.241708 0.0671702 0.0579641
1 0.303953 0.26105 0.0723998 0.0513114
1 0.0804253 0.527585 0.0359432 0.0239071
1 0.359378 0.660861 0.0771152 0.0487748
1 0.603397 0.212533 0.02865 0.0222207
1 0.182481 0.921887 0.0661666 0.0514548
1 0.526776 0.326718 0.0733315 0.0539947
1 0.352568 0.701186 0.0510156 0.0227975
1 0.35485 0.66398 0.0655233 0.0342718
1 0.347772 0.671378 0.0505944 0.0279023
1 0.282858 0.553434 0.0446678 0.0302592
1 0.962041 0.634697 0.0704384 0.057507
1 0.286007 0.532388 0.0487403 0.0405583
1 0.78416 0.400631 0.0258039 0.0188275
1 0.0871176 0.267329 0.0593566 0.0362025
1 0.422664 0.804975 0.0511837 0.0317325
1 0.557463 0.660452 0.0717091 0.0533457
1 0.420216 0.557057 0.0774461 0.0539909
1 0.331627 0.71698 0.0783769 0.0569868
1 0.650873 0.306267 0.0853111 0.052861
1 0.0328458 0.350173 0.0518482 0.0296929
1 0.370853 0.668544 0.0768125 0.0356263
1 0.806878 0.425265 0.0310353 0.02112
1 0.673152 0.913365 0.0701908 0.0455616
1 0.0787012 0.186385 0.0348644 0.0194366
1 0.853457 0.666192 0.0633398 0.0443956
1 0.544096 0.669677 0.0424801 0.0417737
1 0.212667 0.740961 0.0550528 0.054774
1 0.547338 0.651054 0.0654376 0.0407375
1 0.957603 0.651314 0.0787297 0.0750244
1 0.458222 0.170671 0.0717548 0.0476302
1 0.212836 0.516562 0.038707 0.0293177
1 0.363308 0.460716 0.0951181 0.0677379
1 0.299966 0.381422 0.0481781 0.0324119
1 0.909746 0.446426 0.0513916 0.0381051
1 0.249589 0.0108356 0.068092 0.0203623
1 0.661322 0.80884 0.0672791 0.0610285
1 0.482525 0.387579 0.0504786 0.0340365
3 0.392881 0.893442 0.0975712 0.0703165
1 0.629879 0.380015 0.0431891 0.0267332
0 0.392881 0.893442 0.0975712 0.0703165
1 0.689014 0.442138 0.0484114 0.032824
1 0.334027 0.626433 0.0599169 0.0426269
2 0.539795 0.658748 0.0585929 0.0531473
1 0.771618 0.548515 0.0307947 0.0241364
1 0.519865 0.255542 0.0426065 0.0320307
3 0.471961 0.186691 0.0649325 0.0417609
1 0.518158 0.573715 0.0633807 0.0507914
1 0.956656 0.170509 0.0201452 0.0171957
1 0.326852 0.344638 0.0576025 0.0299879
1 0.0673121 0.29423 0.066386 0.0465178
1 0.313619 0.353476 0.0573538 0.0402471
1 0.207468 0.470127 0.0482195 0.0459317
1 0.429037 0.550242 0.0730334 0.0396505
1 0.0658049 0.121046 0.0450504 0.0377415
1 0.785387 0.445251 0.0302681 0.0169227
1 0.230435 0.752615 0.0414863 0.0313326
1 0.320253 0.339121 0.0581581 0.0366244
2 0.392881 0.893442 0.0975712 0.0703165
1 0.297585 0.557114 0.0524036 0.0301799
1 0.27975 0.237792 0.0577548 0.0388237
1 0.703707 0.785191 0.0506678 0.0290744
1 0.634781 0.436902 0.0678126 0.0414351
1 0.0749201 0.301959 0.0615183 0.0494956
1 0.595598 0.410419 0.0510712 0.0252404
4 0.968278 0.0195116 0.0634441 0.0365907
1 0.173611 0.40436 0.0520754 0.0353293
1 0.957502 0.413734 0.0473424 0.0278741
4 0.472261 0.188481 0.0643979 0.044442
1 0.686969 0.268811 0.0320279 0.0204551
1 0.964416 0.62339 0.0645533 0.0436489
1 0.627267 0.445509 0.0503159 0.0501109
1 0.411539 0.893355 0.0726217 0.0598495
1 0.695246 0.928308 0.108958 0.0767659
0 0.539795 0.658748 0.0585929 0.0531473
4 0.389871 0.89479 0.0964113 0.0701345
1 0.684319 0.447993 0.0347244 0.0228449
1 0.200712 0.190116 0.0554913 0.0482997
0 0.471961 0.186691 0.0649325 0.0417609
1 0.635935 0.441629 0.0367635 0.0270863
1 0.616103 0.0889171 0.0471438 0.038357
1 0.619723 0.660385 0.0585876 0.0377094
1 0.738657 0.524053 0.0367076 0.0288486
1 0.0835221 0.433422 0.0617614 0.0468748
1 0.376868 0.563563 0.0563138 0.0552197
1 0.646271 0.122163 0.0733829 0.0439048
1 0.514599 0.288057 0.0555945 0.0352578
1 0.385195 0.454211 0.0755309 0.0530822
1 0.18656 0.453476 0.0687264 0.0622869
1 0.196237 0.46224 0.0700998 0.0614572
4 0.690748 0.687429 0.0811109 0.0590942
1 0.341308 0.714471 0.0720451 0.0424574
1 0.369402 0.89948 0.113663 0.0663889
3 0.692553 0.686495 0.0889368 0.061369
1 0.607986 0.409293 0.0477482 0.0236621
1 0.0179401 0.497272 0.0287107 0.0232124
1 0.256362 0.0147934 0.0712664 0.0224034
1 0.383468 0.663042 0.0547988 0.0318225
1 0.31728 0.311631 0.071344 0.0349009
1 0.799139 0.42979 0.037415 0.0223101
1 0.747166 0.315776 0.0231384 0.0172052
1 0.625127 0.238978 0.0372955 0.0310446
2 0.580142 0.239749 0.0464648 0.0481442
0 0.580142 0.239749 0.0464648 0.0481442
1 0.0583276 0.114792 0.0523574 0.0437579
1 0.0837563 0.183848 0.0339149 0.0200367
1 0.441531 0.780922 0.0359862 0.0233858
1 0.533109 0.274942 0.0487646 0.03103
0 0.0294244 0.621049 0.058131 0.0535978
2 0.471961 0.186691 0.0649325 0.0417609
4 0.539795 0.658748 0.0585929 0.0531473
1 0.3783 0.570488 0.0497203 0.036577
1 0.344508 0.730731 0.0403437 0.028829
1 0.301902 0.79167 0.05039 0.0321159
1 0.61487 0.408322 0.0326606 0.0202502
1 0.435745 0.5 0.0398315 0.0265162
1 0.680024 0.419369 0.0653601 0.0625554
1 0.30797 0.303895 0.0744439 0.0506408
1 0.334945 0.400519 0.041495 0.028239
1 0.571288 0.237309 0.0499669 0.0431573
1 0.361216 0.705125 0.0461848 0.0258602
1 0.801277 0.422753 0.0352686 0.023838
1 0.412468 0.578517 0.048895 0.0311597
1 0.297334 0.516883 0.0505405 0.0290351
2 0.0294244 0.621049 0.058131 0.0535978
1 0.202744 0.204273 0.0523256 0.0340225
1 0.513455 0.556859 0.0797309 0.072218
