1 0.518169 0.4355 0.0990664 0.0674801
1 0.970383 0.751186 0.0367459 0.0331268
1 0.204453 0.98533 0.0253333 0.0186661
1 0.278236 0.517087 0.0372655 0.0225638
1 0.969845 0.749748 0.0440671 0.0502588
1 0.273071 0.549239 0.0280888 0.0210353
4 0.518646 0.437321 0.102498 0.0692341
3 0.518169 0.4355 0.0990664 0.0674801
1 0.275703 0.521875 0.0293323 0.0318276
2 0.518424 0.436397 0.094384 0.0678199
0 0.518169 0.4355 0.0990664 0.0674801
1 0.275234 0.989729 0.0282688 0.0193212
1 0.161203 0.00954844 0.0449228 0.0190969
1 0.20427 0.985802 0.0345355 0.0240595
1 0.824822 0.758572 0.0354565 0.0264303
1 0.22615 0.185212 0.0303595 0.0290298
1 0.278613 0.992442 0.0251627 0.0145996
1 0.0925507 0.68503 0.023863 0.0216739
1 0.65751 0.954127 0.0234867 0.0193905
1 0.50147 0.758102 0.0241587 0.0165005
1 0.9767 0.754735 0.0324669 0.0345318
3 0.784789 0.120689 0.0965855 0.0942101
0 0.970383 0.751186 0.0367459 0.0331268
1 0.158305 0.726879 0.0390584 0.0272781
1 0.526099 0.44517 0.269005 0.16934
1 0.440141 0.399417 0.0378319 0.035966
