1 0.514835 0.510179 0.344897 0.248664
1 0.462254 0.484458 0.268019 0.2079
1 0.563903 0.536332 0.235417 0.181605
1 0.533286 0.950495 0.338906 0.0984415
1 0.583148 0.552836 0.181942 0.12728
1 0.490351 0.542802 0.428234 0.368536
1 0.50882 0.447542 0.375166 0.253162
2 0.498087 0.504247 0.332964 0.232835
1 0.485343 0.966063 0.323491 0.0677275
0 0.514835 0.510179 0.344897 0.248664
4 0.514835 0.510179 0.344897 0.248664
1 0.54001 0.539815 0.198338 0.132327
1 0.575646 0.575703 0.212409 0.193032
1 0.513154 0.509623 0.221064 0.210292
1 0.460696 0.469101 0.226447 0.137219
1 0.529959 0.928614 0.398639 0.142771
1 0.551587 0.574039 0.274718 0.263512
1 0.47134 0.968765 0.18243 0.0598027
1 0.564053 0.433289 0.476864 0.469558
1 0.60268 0.946205 0.169344 0.10531
1 0.536122 0.604385 0.639368 0.728667
1 0.581164 0.592725 0.275754 0.365649
1 0.451808 0.361106 0.310561 0.232254
1 0.582806 0.598153 0.389625 0.471826
3 0.514835 0.510179 0.344897 0.248664
1 0.434444 0.447275 0.259584 0.224667
1 0.426214 0.340711 0.227459 0.160076
0 0.530098 0.955177 0.371526 0.0896454
1 0.474666 0.385538 0.414738 0.347502
1 0.631794 0.946585 0.434202 0.106831
2 0.531584 0.948791 0.376009 0.0966215
1 0.553271 0.945623 0.21055 0.0976451
2 0.60268 0.946205 0.169344 0.10531
1 0.430152 0.335446 0.189354 0.114141
