4 0.593071 0.446976 0.391649 0.699317
4 0.297682 0.37893 0.0783377 0.13023
2 0.731885 0.513647 0.0682126 0.0981531
3 0.384392 0.225516 0.131063 0.259413
3 0.424262 0.508106 0.0666881 0.131956
2 0.299538 0.379534 0.0824631 0.131606
1 0.732304 0.51435 0.0687885 0.0980033
3 0.420635 0.537118 0.0835367 0.194699
3 0.375277 0.240705 0.192279 0.323738
4 0.655436 0.420215 0.301442 0.598521
2 0.661719 0.4463 0.293448 0.680601
3 0.407508 0.494696 0.114838 0.148162
1 0.607078 0.401308 0.266216 0.658665
2 0.695811 0.506487 0.448372 0.877606
2 0.731456 0.515873 0.106122 0.177462
2 0.70725 0.503129 0.144592 0.433845
2 0.427531 0.498343 0.0690802 0.110879
3 0.455208 0.525772 0.463718 0.8772
3 0.414435 0.596654 0.206624 0.442618
1 0.425683 0.510205 0.0697668 0.123576
3 0.424646 0.496083 0.0543575 0.0969152
4 0.678465 0.514758 0.439803 0.885488
2 0.584474 0.49209 0.410574 0.791167
4 0.729297 0.505918 0.0666917 0.0954471
1 0.600096 0.381185 0.0431612 0.0876965
2 0.300215 0.391041 0.0591447 0.10295
4 0.403136 0.27992 0.214707 0.391446
3 0.412143 0.198333 0.266771 0.382838
3 0.296917 0.378993 0.0768459 0.12988
3 0.407651 0.280217 0.234128 0.407213
3 0.426552 0.609562 0.281247 0.565395
2 0.695001 0.948894 0.102042 0.082632
4 0.478411 0.396594 0.70764 0.793189
3 0.438403 0.487905 0.339111 0.444693
0 0.732304 0.51435 0.0687885 0.0980033
3 0.388318 0.472805 0.30839 0.5697
3 0.392847 0.487277 0.170186 0.211492
4 0.70725 0.503129 0.144592 0.433845
1 0.595193 0.385675 0.0579423 0.139776
1 0.60071 0.381982 0.139367 0.274724
3 0.592067 0.424197 0.402229 0.613589
1 0.593581 0.390655 0.126073 0.164802
3 0.37681 0.392735 0.378732 0.78547
3 0.477574 0.236327 0.511727 0.471736
2 0.413338 0.513893 0.0896996 0.149536
4 0.385835 0.238719 0.145973 0.291904
1 0.593357 0.446871 0.396796 0.704377
3 0.458267 0.554639 0.16666 0.418825
3 0.489237 0.631653 0.229346 0.569714
4 0.424538 0.510952 0.0705946 0.133258
2 0.468029 0.617704 0.256361 0.600104
3 0.395179 0.558287 0.161633 0.325117
3 0.72937 0.511407 0.0669141 0.098112
2 0.434177 0.522461 0.115433 0.232062
0 0.298669 0.382089 0.0806487 0.126706
3 0.478411 0.396594 0.70764 0.793189
