1 0.622286 0.391405 0.331831 0.141882
1 0.419184 0.727187 0.252322 0.12904
1 0.872872 0.933203 0.254256 0.133594
1 0.150991 0.671093 0.295515 0.143296
1 0.725079 0.676652 0.33013 0.176307
1 0.213587 0.384062 0.356553 0.250162
1 0.155689 0.627776 0.311378 0.240473
1 0.0780407 0.428905 0.156081 0.181036
0 0.620689 0.390796 0.333687 0.142842
1 0.101783 0.679023 0.203566 0.12704
3 0.621395 0.390605 0.332841 0.143213
2 0.621395 0.390605 0.332841 0.143213
1 0.113522 0.422343 0.227044 0.20744
4 0.620689 0.390796 0.333687 0.142842
1 0.826761 0.949073 0.346478 0.101853
1 0.413441 0.702333 0.221145 0.115959
3 0.420755 0.726426 0.246276 0.130395
1 0.0658438 0.427192 0.122798 0.136808
0 0.420755 0.726426 0.246276 0.130395
2 0.420755 0.726426 0.246276 0.130395
1 0.69082 0.691391 0.416288 0.235741
1 0.156457 0.413111 0.282173 0.248145
4 0.420755 0.726426 0.246276 0.130395
