2 0.475876 0.509949 0.304161 0.507831
1 0.468662 0.494604 0.282993 0.500235
4 0.477551 0.510338 0.304196 0.507672
0 0.473728 0.508108 0.317159 0.507643
3 0.477551 0.510338 0.304196 0.507672
1 0.972332 0.674697 0.0551769 0.536822
1 0.812881 0.231776 0.116549 0.188353
4 0.972332 0.674697 0.0551769 0.536822
4 0.965192 0.603455 0.0682182 0.722455
4 0.933883 0.533775 0.132235 0.835351
1 0.755171 0.413566 0.0607269 0.0794674
1 0.982073 0.752479 0.0354667 0.246113
2 0.147587 0.559302 0.0895235 0.112186
1 0.0303849 0.392907 0.0607698 0.556172
0 0.982073 0.752479 0.0354667 0.246113
1 0.933883 0.533775 0.132235 0.835351
4 0.109614 0.453087 0.215684 0.798795
2 0.982073 0.752479 0.0354667 0.246113
1 0.0720185 0.411472 0.142574 0.710212
2 0.486928 0.497017 0.172076 0.45222
1 0.965192 0.603455 0.0682182 0.722455
4 0.979458 0.725715 0.0401361 0.357698
2 0.972332 0.674697 0.0551769 0.536822
2 0.541226 0.522712 0.431364 0.612795
1 0.0485862 0.345541 0.0971724 0.565482
1 0.585127 0.668833 0.0386288 0.0569465
1 0.977583 0.723193 0.0448333 0.337813
1 0.033595 0.522976 0.0671899 0.520021
3 0.0815592 0.47014 0.162656 0.779071
0 0.976774 0.751334 0.0451683 0.324167
2 0.965192 0.603455 0.0682182 0.722455
