1 0.544286 0.496853 0.1715 0.255591
1 0.27445 0.44073 0.201308 0.192383
1 0.275885 0.442809 0.263338 0.259118
1 0.95089 0.535295 0.0782245 0.119015
1 0.944982 0.534432 0.0538769 0.0848338
1 0.305508 0.458196 0.411242 0.265461
1 0.314671 0.461869 0.502276 0.399864
1 0.224613 0.459872 0.430466 0.631327
1 0.949406 0.486415 0.0946577 0.235424
0 0.544286 0.496853 0.1715 0.255591
4 0.54419 0.497732 0.173138 0.254794
2 0.544286 0.496853 0.1715 0.255591
1 0.234806 0.419866 0.356812 0.376908
1 0.268404 0.425137 0.144419 0.157215
3 0.54419 0.497732 0.173138 0.254794
1 0.131004 0.47197 0.262009 0.71519
1 0.560314 0.495151 0.151103 0.184983
1 0.962326 0.570538 0.0656074 0.292061
1 0.941601 0.40051 0.115325 0.484652
1 0.36574 0.473023 0.641954 0.533757
2 0.267784 0.425934 0.149877 0.163596
1 0.806447 0.389722 0.0918261 0.119747
1 0.96026 0.54178 0.0503697 0.0878502
3 0.314671 0.461869 0.502276 0.399864
1 0.086877 0.462723 0.173407 0.646297
4 0.132003 0.52075 0.264007 0.82265
4 0.224613 0.459872 0.430466 0.631327
1 0.98236 0.692068 0.03528 0.1798
