3 0.467526 0.427345 0.864816 0.822559
3 0.535674 0.47583 0.633741 0.670888
0 0.452143 0.530931 0.852807 0.864811
1 0.467526 0.427345 0.864816 0.822559
4 0.467951 0.425892 0.86354 0.828453
3 0.469004 0.237 0.911122 0.460437
2 0.460002 0.560039 0.809341 0.831406
3 0.463604 0.148897 0.808955 0.297794
1 0.535674 0.47583 0.633741 0.670888
3 0.535276 0.476248 0.567353 0.414833
4 0.517217 0.560756 0.681808 0.829461
1 0.535276 0.476248 0.567353 0.414833
3 0.470546 0.606263 0.747493 0.778766
3 0.479858 0.161434 0.387741 0.198577
0 0.535674 0.47583 0.633741 0.670888
2 0.509819 0.657578 0.588343 0.684845
4 0.471587 0.275877 0.899678 0.497435
1 0.479858 0.161434 0.387741 0.198577
