0 0.461555 0.521491 0.859258 0.908205
1 0.506341 0.523611 0.858305 0.912432
1 0.142045 0.428993 0.27534 0.847596
0 0.15635 0.432806 0.301433 0.846777
1 0.138868 0.273855 0.277737 0.48904
2 0.142045 0.428993 0.27534 0.847596
0 0.138868 0.273855 0.277737 0.48904
0 0.286798 0.500942 0.547673 0.947963
1 0.860668 0.177046 0.278664 0.354093
2 0.388994 0.512599 0.7619 0.936311
4 0.142045 0.428993 0.27534 0.847596
1 0.241495 0.494026 0.479023 0.957014
1 0.825355 0.268839 0.349289 0.510244
1 0.910559 0.235939 0.175925 0.471879
1 0.654835 0.446398 0.69033 0.847312
1 0.617 0.972624 0.281297 0.0544869
0 0.932897 0.734959 0.134205 0.506016
3 0.141739 0.428753 0.269932 0.838901
1 0.721821 0.290748 0.556358 0.538667
1 0.937202 0.308359 0.12527 0.600445
1 0.84217 0.100197 0.31566 0.200394
0 0.937202 0.308359 0.12527 0.600445
2 0.241495 0.494026 0.479023 0.957014
1 0.140286 0.426762 0.273793 0.513756
1 0.786768 0.132567 0.426464 0.265134
4 0.932897 0.734959 0.134205 0.506016
0 0.971667 0.593221 0.0566656 0.267032
2 0.599748 0.972197 0.318338 0.0549293
1 0.27132 0.986822 0.0631259 0.0252022
1 0.933749 0.737162 0.130601 0.493278
2 0.971667 0.593221 0.0566656 0.267032
4 0.418887 0.518629 0.825034 0.925116
0 0.961943 0.582198 0.076038 0.484674
1 0.879138 0.31296 0.240253 0.616704
2 0.933749 0.737162 0.130601 0.493278
4 0.971667 0.593221 0.0566656 0.267032
0 0.941837 0.469124 0.1159 0.829579
1 0.971667 0.593221 0.0566656 0.267032
0 0.623456 0.970865 0.304917 0.0582703
1 0.913131 0.145629 0.172078 0.291257
2 0.860668 0.177046 0.278664 0.354093
2 0.937202 0.308359 0.12527 0.600445
0 0.140286 0.426762 0.273793 0.513756
1 0.961943 0.582198 0.076038 0.484674
0 0.959277 0.360588 0.0790321 0.62603
2 0.910559 0.235939 0.175925 0.471879
1 0.958261 0.725444 0.0786091 0.472801
1 0.665739 0.960848 0.38436 0.0764672
0 0.953412 0.682352 0.0931769 0.401608
1 0.941837 0.469124 0.1159 0.829579
1 0.959277 0.360588 0.0790321 0.62603
