1 0.817401 0.556661 0.0221363 0.0428589
1 0.726363 0.481423 0.0249459 0.0477672
1 0.66102 0.722402 0.0282435 0.0728148
1 0.0356495 0.567369 0.0267874 0.0596259
1 0.406671 0.319721 0.0342379 0.0545152
1 0.626577 0.385962 0.0370655 0.0650442
1 0.330659 0.79903 0.0277999 0.0445923
1 0.713819 0.293638 0.0246878 0.05931
1 0.737675 0.563387 0.0190103 0.0453648
1 0.591977 0.52545 0.0318109 0.0645805
1 0.974308 0.514388 0.018954 0.046037
1 0.332502 0.734187 0.0231114 0.0396511
1 0.300996 0.786437 0.0211017 0.0373957
1 0.732254 0.488637 0.0223835 0.0722566
1 0.63896 0.392752 0.0442148 0.0672425
1 0.43512 0.471762 0.80924 0.90164
1 0.62093 0.788612 0.0185289 0.034218
1 0.517871 0.735641 0.022702 0.0478143
1 0.32766 0.793184 0.0234488 0.0363126
1 0.190099 0.143064 0.024644 0.0449862
1 0.643535 0.179131 0.0250069 0.0513765
1 0.57955 0.385566 0.0383334 0.0640102
1 0.230238 0.728294 0.0231975 0.0574445
1 0.612985 0.383585 0.0287173 0.0597732
1 0.619676 0.374342 0.0306257 0.0624062
1 0.88417 0.100486 0.0230826 0.0409627
1 0.33888 0.733489 0.0186293 0.0379305
1 0.846982 0.261027 0.0140504 0.0331775
1 0.7886 0.560913 0.0181804 0.0418993
1 0.866659 0.498016 0.0207054 0.0430918
1 0.298563 0.794347 0.0224365 0.0424662
1 0.0367808 0.562809 0.034849 0.105662
1 0.84702 0.112218 0.0155267 0.029595
1 0.733977 0.484916 0.0315303 0.055595
1 0.555701 0.566428 0.0438954 0.080891
1 0.822112 0.552698 0.0248397 0.044487
1 0.726224 0.480624 0.0372493 0.107692
1 0.330512 0.78848 0.0234799 0.0567059
1 0.968724 0.499624 0.019455 0.0438929
1 0.579476 0.603402 0.0242507 0.0486126
1 0.59536 0.54757 0.0297199 0.0589384
1 0.57296 0.224667 0.0175232 0.0366077
1 0.806714 0.470577 0.0227925 0.0382278
1 0.976259 0.505895 0.0194443 0.044989
1 0.801274 0.555083 0.0271252 0.0575179
1 0.667558 0.533509 0.0189723 0.0406023
1 0.269261 0.211716 0.0214099 0.041519
1 0.589715 0.502811 0.0273177 0.0511019
1 0.83446 0.489837 0.0173908 0.032824
1 0.954685 0.382337 0.0346213 0.0637564
1 0.410072 0.309482 0.0343096 0.135007
1 0.589963 0.772863 0.0175004 0.0331484
1 0.416823 0.317285 0.0328825 0.0679565
1 0.672547 0.401742 0.0320836 0.0552296
1 0.820252 0.394027 0.0365459 0.0630423
1 0.584462 0.509988 0.0266313 0.0641142
1 0.757301 0.186449 0.0132279 0.0358974
1 0.323947 0.791105 0.026676 0.0514721
1 0.654316 0.392628 0.040877 0.0622951
1 0.810133 0.285682 0.0151576 0.0327361
1 0.678385 0.491426 0.020485 0.0378534
1 0.596926 0.518056 0.0331003 0.0565327
1 0.889518 0.457302 0.0381496 0.0661709
1 0.334026 0.911965 0.0360671 0.0480133
1 0.622251 0.535587 0.0267383 0.0469384
1 0.410027 0.308791 0.0404222 0.0832945
1 0.409112 0.318253 0.0553701 0.148833
1 0.713953 0.328741 0.0169155 0.0329598
1 0.972999 0.510658 0.0264196 0.0643272
1 0.731368 0.498952 0.0345339 0.132077
1 0.627396 0.524411 0.0209003 0.0450455
1 0.865742 0.304176 0.01225 0.0330318
1 0.377977 0.536901 0.0260395 0.0620951
1 0.455561 0.459641 0.0263745 0.0510892
1 0.979271 0.506979 0.0244287 0.0771667
1 0.57854 0.800892 0.0162824 0.0304128
1 0.606922 0.371685 0.0282059 0.0646378
1 0.53156 0.326277 0.034572 0.0781912
1 0.319824 0.727857 0.0238433 0.0436207
1 0.670028 0.524761 0.0217981 0.0457175
1 0.899862 0.52054 0.0191296 0.0378665
1 0.382574 0.507572 0.0340215 0.0684512
1 0.580748 0.368262 0.0353022 0.0624824
1 0.416216 0.321669 0.0254366 0.0360924
1 0.515838 0.727615 0.0213653 0.0424216
1 0.713041 0.321283 0.0176363 0.036772
1 0.468832 0.614679 0.0180125 0.0429356
1 0.679377 0.403572 0.0337157 0.0620458
1 0.721781 0.491581 0.0249238 0.0531143
1 0.584918 0.610215 0.0224965 0.0453289
1 0.314305 0.785579 0.0194823 0.0336729
1 0.572942 0.482341 0.025741 0.060643
1 0.329251 0.736968 0.0239095 0.0514703
1 0.37669 0.557256 0.0238734 0.0493162
1 0.729141 0.457208 0.0277559 0.0625202
1 0.616203 0.608419 0.0197568 0.046571
0 0.817401 0.556661 0.0221363 0.0428589
1 0.664399 0.722668 0.037065 0.100393
2 0.66061 0.719908 0.0255442 0.0703161
1 0.586967 0.596243 0.0241622 0.0445658
1 0.879835 0.0970169 0.0237217 0.0431684
1 0.743392 0.376675 0.0291663 0.0574706
1 0.715802 0.585485 0.0166722 0.0334115
1 0.379003 0.778422 0.0217264 0.0403666
1 0.568629 0.715536 0.0152526 0.0453529
1 0.422579 0.384051 0.522453 0.690515
1 0.570153 0.537297 0.0402023 0.10099
1 0.45106 0.472329 0.0238918 0.052699
1 0.557526 0.578886 0.0335725 0.0602624
1 0.0301586 0.565156 0.0255264 0.0511853
1 0.586502 0.780079 0.0206032 0.0319286
1 0.599956 0.751958 0.019153 0.0327091
1 0.542093 0.87964 0.0128826 0.0334983
1 0.340528 0.806382 0.028445 0.0414484
1 0.623216 0.784512 0.018855 0.0458442
1 0.509043 0.889609 0.0120419 0.0332191
1 0.586662 0.792222 0.0182486 0.0336131
1 0.626911 0.380213 0.0462152 0.108425
0 0.66102 0.722402 0.0282435 0.0728148
1 0.557887 0.384818 0.0307543 0.0486032
1 0.292744 0.803655 0.017321 0.0435471
1 0.733832 0.568551 0.0265166 0.0569374
1 0.515715 0.650328 0.0182376 0.0492379
1 0.741158 0.567871 0.0225097 0.0619693
1 0.813486 0.480838 0.0245295 0.0393991
1 0.296893 0.670151 0.013773 0.038705
1 0.735207 0.569314 0.0174322 0.0439381
