1 0.586941 0.571936 0.0609304 0.0415975
1 0.431767 0.767883 0.027722 0.0286583
1 0.403006 0.849904 0.0455695 0.0311466
1 0.433953 0.581087 0.0555501 0.0426465
1 0.304029 0.903636 0.0504944 0.0317717
1 0.37243 0.820223 0.0373276 0.030483
1 0.55003 0.770545 0.0461331 0.0295972
1 0.59633 0.9421 0.0367408 0.0306566
1 0.0761078 0.549507 0.0399155 0.0247062
1 0.246852 0.755014 0.031421 0.0322128
1 0.542414 0.767297 0.0440896 0.0279894
1 0.863798 0.48507 0.028283 0.0223141
1 0.600259 0.67763 0.0314953 0.022991
1 0.30146 0.859258 0.0580118 0.0334603
1 0.336954 0.673269 0.0345982 0.03041
1 0.268979 0.80601 0.0513899 0.0411314
1 0.382508 0.827815 0.0382585 0.0336736
1 0.529988 0.825178 0.0235191 0.0186899
1 0.637175 0.911706 0.0401203 0.0329988
1 0.303393 0.764147 0.0371808 0.0313443
1 0.61545 0.641216 0.0377251 0.0237874
1 0.47219 0.93988 0.0432085 0.043101
1 0.337561 0.935178 0.0270711 0.0208666
1 0.440321 0.887952 0.0332721 0.0234161
1 0.0515317 0.667777 0.0401104 0.0225679
1 0.436231 0.677383 0.0558167 0.0502733
1 0.0622025 0.825779 0.0309473 0.0269661
1 0.770661 0.966031 0.0472952 0.0240824
1 0.597497 0.566756 0.0642805 0.0409337
1 0.216078 0.666939 0.0328677 0.0245098
1 0.690882 0.751363 0.0379092 0.0253341
1 0.29421 0.637456 0.0435979 0.0336091
1 0.348362 0.762643 0.0315509 0.0252747
1 0.577027 0.864094 0.0428962 0.0291954
1 0.343327 0.751934 0.0368724 0.0284667
1 0.690656 0.803402 0.0362949 0.0257267
1 0.408498 0.908488 0.0300212 0.0298906
1 0.483437 0.79362 0.0373742 0.0231745
1 0.47538 0.725591 0.0307875 0.0262332
1 0.491774 0.807497 0.0442196 0.0221644
1 0.950748 0.465465 0.0319282 0.0207281
1 0.30921 0.99088 0.0575942 0.0182402
1 0.188924 0.617634 0.0265257 0.0192505
1 0.305718 0.522854 0.0420164 0.0286548
1 0.897277 0.498695 0.0258619 0.0235638
1 0.056437 0.671113 0.038641 0.021243
1 0.501359 0.809841 0.0349462 0.0213171
1 0.900596 0.495027 0.0245569 0.0223628
1 0.54825 0.882463 0.0184458 0.0157223
1 0.356492 0.641169 0.0367529 0.0280762
1 0.0294692 0.654328 0.0488571 0.0283569
1 0.340674 0.745438 0.0371256 0.0305455
1 0.443452 0.580248 0.0551039 0.034911
1 0.446731 0.891274 0.0306593 0.0218222
1 0.483156 0.728669 0.0364077 0.0288164
1 0.555517 0.946107 0.0298869 0.0299271
1 0.352684 0.769159 0.0337193 0.024207
1 0.721072 0.868145 0.0507127 0.0325129
1 0.43748 0.413385 0.0266284 0.0230912
1 0.387898 0.783755 0.0260592 0.019505
1 0.263534 0.990395 0.0301097 0.0178058
1 0.886606 0.433511 0.035712 0.0236246
1 0.41693 0.959474 0.0302977 0.0317638
1 0.0480211 0.662652 0.0394583 0.0276395
1 0.187937 0.901349 0.0430515 0.0215376
1 0.373632 0.883855 0.0380411 0.0267859
1 0.549344 0.769947 0.0570742 0.0502145
1 0.414665 0.718283 0.0310071 0.0253312
1 0.435872 0.883071 0.0284559 0.0204838
1 0.341099 0.486595 0.0313959 0.0235217
1 0.515427 0.860812 0.0272582 0.0269724
1 0.509028 0.858358 0.0380634 0.0341818
1 0.361742 0.772341 0.0325147 0.0196126
1 0.0387052 0.658579 0.0459508 0.028869
1 0.601707 0.810645 0.0339928 0.0260192
1 0.928357 0.926557 0.0586269 0.0454471
1 0.805809 0.739685 0.048398 0.0353775
1 0.305124 0.900509 0.057855 0.0544077
1 0.368769 0.774369 0.0361859 0.0241129
1 0.365378 0.814386 0.0352791 0.0314385
1 0.247842 0.958643 0.0325111 0.0225075
1 0.867897 0.488424 0.027856 0.024949
1 0.31132 0.898956 0.038572 0.0251765
1 0.472496 0.934281 0.0297731 0.0364371
1 0.286889 0.964428 0.029465 0.0247913
1 0.516563 0.0206916 0.155389 0.0413832
1 0.383748 0.614837 0.025892 0.0185072
1 0.42825 0.589897 0.0520126 0.0417818
1 0.238971 0.928275 0.044868 0.0272772
1 0.538732 0.0154126 0.111657 0.0308251
1 0.607977 0.651671 0.0303853 0.03312
1 0.471481 0.0233281 0.256393 0.0456801
1 0.403284 0.847017 0.0472675 0.0505039
1 0.583508 0.839378 0.0375221 0.0293316
1 0.474566 0.948483 0.0453588 0.0378817
1 0.937651 0.802819 0.035718 0.0256252
1 0.433876 0.390725 0.0220535 0.0214321
1 0.271624 0.75985 0.0537853 0.0358017
1 0.101551 0.669488 0.0374268 0.0226066
1 0.519352 0.173493 0.920754 0.316655
1 0.0865015 0.516147 0.0456818 0.0297339
1 0.504582 0.814181 0.0350944 0.0220681
1 0.572804 0.869004 0.0337358 0.0302068
1 0.0783643 0.759794 0.0390771 0.0238142
1 0.138987 0.637154 0.0317956 0.0226725
1 0.587186 0.944455 0.0325925 0.0314824
1 0.194494 0.616049 0.03033 0.0241389
1 0.499307 0.854956 0.0402435 0.0351832
1 0.301547 0.85433 0.0413801 0.0303206
1 0.778076 0.969321 0.0414303 0.027062
1 0.340245 0.737712 0.0372922 0.026835
1 0.589895 0.584147 0.0505473 0.0364885
1 0.687876 0.711364 0.0410283 0.0297964
1 0.373057 0.609158 0.0292343 0.0256748
1 0.489582 0.803383 0.0333276 0.0242133
1 0.370727 0.463866 0.0261755 0.0233873
1 0.382908 0.832696 0.0529618 0.0605781
1 0.312851 0.861424 0.0528306 0.0270086
1 0.431099 0.895482 0.0277854 0.0326544
1 0.209051 0.862118 0.0345983 0.0253878
1 0.521515 0.173704 0.785221 0.189433
1 0.562423 0.87106 0.0314369 0.0262885
1 0.973609 0.624414 0.0364874 0.0311586
1 0.294521 0.853832 0.0481602 0.038795
1 0.579098 0.582196 0.0454087 0.0348755
1 0.597355 0.940596 0.0444805 0.0525387
1 0.404016 0.841835 0.0403161 0.0315365
1 0.909946 0.487315 0.0229721 0.0188828
1 0.371235 0.819429 0.0493542 0.0518518
1 0.0536645 0.94413 0.0342139 0.0258043
1 0.246408 0.753887 0.0412742 0.0486781
1 0.379284 0.883343 0.0248463 0.0238083
1 0.29214 0.629656 0.0348373 0.0395043
1 0.141049 0.908567 0.0405735 0.0254877
1 0.453594 0.368223 0.0233641 0.0181274
1 0.479809 0.532762 0.857621 0.803439
1 0.288479 0.587341 0.0339222 0.0250403
1 0.469369 0.792744 0.041841 0.0226468
1 0.427345 0.597488 0.0417165 0.0309162
1 0.477929 0.790989 0.0322227 0.0225838
1 0.672238 0.986048 0.0505372 0.0260267
1 0.0231268 0.621319 0.0412346 0.051397
1 0.347389 0.676977 0.0326956 0.0306671
1 0.443563 0.894171 0.0280382 0.032506
1 0.700962 0.988014 0.0345669 0.0195093
1 0.593243 0.902295 0.0306637 0.022916
1 0.746751 0.719775 0.0389643 0.0307529
1 0.117077 0.585761 0.0371553 0.0296285
1 0.372406 0.695569 0.0271786 0.0214409
1 0.424892 0.493765 0.0341293 0.0249074
1 0.0244259 0.63725 0.0459194 0.0476932
1 0.888524 0.504398 0.0310535 0.0217565
1 0.0870121 0.810623 0.0243572 0.0249575
1 0.346534 0.491036 0.0300957 0.024594
1 0.501565 0.801523 0.0307675 0.0198833
1 0.438465 0.770684 0.0302902 0.0295682
1 0.703171 0.394919 0.0265921 0.0227063
1 0.876142 0.775685 0.0318061 0.0229236
1 0.637176 0.920581 0.0290534 0.0222828
1 0.766792 0.538644 0.024215 0.0225703
1 0.680072 0.911004 0.032555 0.0260963
1 0.893189 0.494672 0.0272678 0.0275776
1 0.230556 0.591457 0.0281511 0.021606
1 0.810583 0.185241 0.034517 0.0248599
1 0.439367 0.590665 0.0561779 0.0365969
1 0.335364 0.803656 0.0293741 0.02158
1 0.581478 0.845877 0.0357397 0.032201
1 0.323541 0.709485 0.0260458 0.0193455
1 0.0729567 0.7207 0.0334321 0.0242328
1 0.0104336 0.477118 0.0177105 0.0176108
1 0.0758118 0.682378 0.0316011 0.0185999
1 0.546407 0.877447 0.0200049 0.0183142
1 0.805084 0.778756 0.0273313 0.0208411
1 0.886047 0.884774 0.0515088 0.0486557
1 0.848486 0.664959 0.0353552 0.0269923
1 0.244469 0.933617 0.0331209 0.0290493
1 0.46284 0.0351657 0.316099 0.0633703
1 0.285169 0.640045 0.0435776 0.0297286
1 0.501181 0.510525 0.0279362 0.0235789
1 0.606612 0.986281 0.0522962 0.0266208
1 0.789842 0.931046 0.0418785 0.0340326
1 0.0939682 0.512312 0.0509669 0.033154
1 0.499633 0.743968 0.0402279 0.0256598
1 0.237274 0.754925 0.0400185 0.0311608
1 0.282401 0.986137 0.0441338 0.0219011
1 0.628492 0.733654 0.0356372 0.0231565
1 0.0905185 0.675206 0.0365478 0.0222282
1 0.544569 0.672841 0.0293271 0.0213802
1 0.139813 0.883973 0.0321125 0.0276335
1 0.690554 0.337512 0.0240254 0.0197506
1 0.419972 0.729491 0.0215884 0.0230811
1 0.622392 0.731085 0.032607 0.0197368
1 0.381202 0.787836 0.0269628 0.0175636
1 0.470505 0.543771 0.0284601 0.0267
1 0.604745 0.599729 0.0334083 0.0206192
1 0.645967 0.895838 0.0347869 0.0386374
1 0.594951 0.919164 0.0313289 0.0340721
1 0.60523 0.641084 0.0350203 0.0195812
1 0.487824 0.785004 0.0281197 0.0197139
1 0.31396 0.527425 0.0383792 0.0271939
1 0.169406 0.716898 0.0264306 0.0228461
1 0.449375 0.696402 0.0387561 0.029546
1 0.0357044 0.449089 0.0215054 0.0238396
1 0.136329 0.7527 0.0509042 0.0406517
1 0.0251659 0.498421 0.0332141 0.0327933
1 0.455758 0.608477 0.0407419 0.0247791
1 0.279623 0.584841 0.0368439 0.0269777
1 0.861698 0.959479 0.0312586 0.0363359
1 0.0221018 0.695816 0.0265987 0.0186797
1 0.0856271 0.915307 0.0274512 0.0253029
1 0.446007 0.416011 0.0259973 0.022388
1 0.495311 0.849524 0.0337778 0.0271602
1 0.653359 0.86647 0.0407019 0.0343241
1 0.641119 0.512141 0.0280547 0.021658
1 0.38915 0.853511 0.0280358 0.0218601
1 0.907191 0.534243 0.0351908 0.0245446
1 0.277324 0.966455 0.0351421 0.0262117
1 0.447846 0.702085 0.0359154 0.0219424
1 0.0765447 0.552257 0.0520109 0.0497047
1 0.364776 0.605562 0.0290149 0.0219146
1 0.528883 0.77648 0.0327574 0.0227035
1 0.439332 0.388173 0.0205728 0.021031
1 0.556552 0.776312 0.0500524 0.0355274
1 0.375116 0.958474 0.0316551 0.0282761
1 0.138897 0.890961 0.0376416 0.0304367
1 0.888458 0.427087 0.0303276 0.0200316
1 0.0646846 0.932547 0.0446671 0.0298939
1 0.680014 0.80154 0.0366888 0.0273359
1 0.366264 0.636794 0.0240544 0.0187579
1 0.590435 0.68606 0.0289647 0.0242435
1 0.106349 0.665704 0.0319564 0.0201176
1 0.170284 0.847831 0.0405141 0.0269965
1 0.0252555 0.505912 0.0326631 0.0287344
1 0.0485146 0.606334 0.0249723 0.0228517
1 0.417679 0.768321 0.0287692 0.0237033
1 0.983656 0.378997 0.0281736 0.0384107
1 0.388706 0.774465 0.0249659 0.0198354
1 0.988986 0.375289 0.0213669 0.0348766
1 0.645344 0.909726 0.0399166 0.030612
1 0.43851 0.583814 0.241221 0.225091
1 0.377373 0.877827 0.0277454 0.0219218
1 0.422836 0.733572 0.0246315 0.0304996
1 0.0663508 0.692535 0.0327402 0.016838
1 0.412298 0.85282 0.0430777 0.0308447
1 0.613192 0.563695 0.056337 0.0343283
1 0.321136 0.705686 0.0255232 0.0172517
1 0.610975 0.362187 0.024531 0.0223112
1 0.343599 0.935887 0.0237647 0.0194373
1 0.722181 0.500157 0.0230685 0.0212438
1 0.609267 0.645102 0.039785 0.0270721
1 0.0589396 0.575556 0.0242177 0.0182186
1 0.0669252 0.82403 0.0329809 0.0368502
1 0.210077 0.55222 0.0310718 0.0227305
1 0.76998 0.372107 0.0280288 0.0203307
1 0.876208 0.474653 0.0331531 0.0336187
1 0.739784 0.672541 0.0321763 0.0213197
1 0.492312 0.73586 0.0398047 0.0239985
1 0.775611 0.373761 0.026525 0.0190979
1 0.056056 0.576022 0.0204444 0.0129521
1 0.813568 0.899099 0.018866 0.0190955
1 0.0171023 0.62743 0.0316809 0.0420432
1 0.692762 0.986566 0.0482783 0.0242222
1 0.60094 0.520685 0.026888 0.020515
1 0.738352 0.717118 0.0377314 0.0273584
1 0.248095 0.925104 0.0292271 0.0252541
1 0.432991 0.766866 0.0417841 0.0525922
1 0.0746098 0.531819 0.0307192 0.0174554
1 0.524493 0.823065 0.0278647 0.0284514
1 0.436601 0.873213 0.0210613 0.0189217
1 0.297306 0.972648 0.0390264 0.0278727
1 0.0797683 0.596044 0.0197831 0.0151914
1 0.353646 0.813852 0.0376039 0.0241998
1 0.288813 0.817044 0.0361691 0.0323008
1 0.0789338 0.922116 0.0334801 0.0302294
1 0.321667 0.988677 0.0504659 0.0170124
1 0.495171 0.867389 0.0348549 0.0282211
1 0.37642 0.952755 0.028418 0.021364
1 0.431461 0.40718 0.029928 0.0252115
1 0.708806 0.715132 0.0585586 0.032316
1 0.417776 0.0244079 0.176509 0.0429112
1 0.322912 0.733633 0.0510451 0.0303592
1 0.123709 0.82703 0.0346439 0.0230047
1 0.421667 0.737324 0.0204159 0.0177432
1 0.408962 0.903812 0.0217515 0.02019
1 0.341759 0.683128 0.0293198 0.0247249
1 0.0712764 0.928522 0.0400723 0.0294363
1 0.300215 0.888869 0.0688063 0.0465427
1 0.366125 0.793998 0.0247032 0.015316
1 0.0183962 0.723013 0.0252333 0.0228475
1 0.275755 0.486451 0.0399133 0.028086
1 0.388694 0.863664 0.0222609 0.0193049
1 0.295602 0.636668 0.0528947 0.0494197
1 0.0336437 0.644026 0.0631455 0.0630902
1 0.49022 0.0290069 0.135096 0.0508491
1 0.650479 0.874979 0.0387371 0.0274023
1 0.401639 0.535092 0.0256949 0.022044
1 0.487786 0.8166 0.040044 0.0220972
1 0.587693 0.428954 0.0250671 0.0195245
1 0.208983 0.670833 0.0344071 0.0237267
1 0.949771 0.878684 0.0433433 0.024366
