4 0.490577 0.420294 0.960508 0.673313
1 0.926381 0.970038 0.147188 0.0599232
1 0.883161 0.96368 0.233678 0.0726408
1 0.892967 0.978588 0.208825 0.0428245
2 0.139377 0.0863623 0.278754 0.172663
2 0.926381 0.970038 0.147188 0.0599232
1 0.760497 0.992025 0.0329086 0.0159506
1 0.936369 0.954608 0.127263 0.0906262
3 0.502985 0.418532 0.970414 0.668275
0 0.926381 0.970038 0.147188 0.0599232
1 0.692199 0.990732 0.0455795 0.0170847
1 0.9366 0.857896 0.0279576 0.0243317
0 0.139377 0.0863623 0.278754 0.172663
2 0.502985 0.418532 0.970414 0.668275
4 0.156333 0.0910079 0.311236 0.180989
1 0.941602 0.978555 0.112777 0.0425638
1 0.910289 0.981725 0.145203 0.0365503
4 0.926381 0.970038 0.147188 0.0599232
1 0.962252 0.966579 0.0754955 0.0668417
