3 0.569862 0.418701 0.860276 0.604475
4 0.94426 0.529453 0.109847 0.325339
4 0.569862 0.418701 0.860276 0.604475
3 0.94426 0.529453 0.109847 0.325339
3 0.0270577 0.481531 0.0537198 0.383061
4 0.0330349 0.347137 0.0641734 0.329139
4 0.0217216 0.388497 0.041857 0.240882
3 0.0273546 0.384344 0.0547092 0.314811
4 0.0203434 0.40761 0.0399665 0.121834
3 0.035471 0.460138 0.0709419 0.543212
4 0.920804 0.550373 0.158392 0.410611
3 0.525511 0.544845 0.785312 0.627118
4 0.955947 0.575367 0.0858719 0.29148
2 0.313668 0.476506 0.145119 0.25008
3 0.951344 0.461175 0.0973101 0.336008
2 0.0266146 0.449663 0.0524372 0.319322
3 0.9166 0.531066 0.166799 0.380466
4 0.029494 0.457357 0.058988 0.418309
3 0.0227694 0.417728 0.0455387 0.216296
3 0.0186306 0.481733 0.0372612 0.266795
4 0.0191523 0.443682 0.0378878 0.265343
4 0.0337412 0.308529 0.061828 0.201816
3 0.474202 0.589808 0.657088 0.417849
3 0.882049 0.539634 0.235901 0.45968
3 0.115297 0.46709 0.229865 0.636825
2 0.0191523 0.443682 0.0378878 0.265343
3 0.0492356 0.528711 0.0984713 0.698473
