4 0.53127 0.410114 0.769962 0.657582
2 0.53127 0.410114 0.769962 0.657582
1 0.84625 0.0141386 0.0671505 0.0282773
1 0.686675 0.192684 0.0664292 0.0733159
4 0.35235 0.410314 0.605756 0.669344
2 0.241061 0.4737 0.0727312 0.0796285
1 0.0318491 0.349273 0.0636983 0.275122
4 0.39309 0.410579 0.360861 0.647803
2 0.714187 0.457874 0.33657 0.285899
1 0.860858 0.0130517 0.0598751 0.0261035
1 0.53127 0.410114 0.769962 0.657582
1 0.0443529 0.393418 0.0887058 0.356265
0 0.53127 0.410114 0.769962 0.657582
3 0.53127 0.410114 0.769962 0.657582
2 0.351916 0.409351 0.604726 0.668509
1 0.0230954 0.355029 0.0461909 0.230006
