1 0.488514 0.602633 0.587091 0.773769
4 0.488158 0.526124 0.60356 0.947753
2 0.488158 0.526124 0.60356 0.947753
1 0.556296 0.590427 0.0608149 0.046357
1 0.688251 0.574391 0.0397518 0.0321055
1 0.557387 0.546653 0.850036 0.906694
1 0.53128 0.634447 0.0450562 0.0304157
4 0.489922 0.685887 0.473418 0.600552
4 0.493666 0.272214 0.461965 0.516991
1 0.341031 0.964815 0.0425631 0.0294197
1 0.550336 0.594622 0.0868634 0.0808776
1 0.489225 0.726979 0.511814 0.534189
1 0.508042 0.587566 0.511373 0.405055
4 0.551713 0.398287 0.583178 0.772676
4 0.635663 0.5 0.728673 1
1 0.515593 0.624566 0.286897 0.269265
0 0.515763 0.51002 0.596126 0.979961
1 0.520944 0.633367 0.0842128 0.0616552
1 0.487888 0.402589 0.549928 0.748348
1 0.454547 0.450549 0.170661 0.202242
1 0.347718 0.968581 0.0445768 0.0238123
1 0.522755 0.631993 0.0480461 0.0517469
1 0.555143 0.584124 0.137637 0.130038
1 0.45688 0.455766 0.0938177 0.069209
1 0.693367 0.567023 0.0446756 0.0418429
1 0.529797 0.632507 0.19535 0.359916
1 0.498254 0.604974 0.0372353 0.0281843
1 0.520609 0.633507 0.197426 0.207705
2 0.635663 0.5 0.728673 1
1 0.474494 0.44149 0.293702 0.352223
1 0.70138 0.507021 0.59724 0.985959
1 0.968601 0.815334 0.0578931 0.0451509
1 0.484144 0.839551 0.0524792 0.0438263
4 0.504813 0.386454 0.52805 0.481041
4 0.474494 0.44149 0.293702 0.352223
0 0.483012 0.646415 0.546772 0.687142
1 0.076558 0.480311 0.044903 0.0385439
1 0.5035 0.724519 0.0363235 0.0311401
1 0.518351 0.854553 0.0547288 0.0438778
1 0.537653 0.639041 0.0489708 0.0343734
1 0.539499 0.658336 0.355185 0.505982
4 0.454547 0.450549 0.170661 0.202242
1 0.543207 0.689866 0.0419815 0.0384449
1 0.658542 0.95248 0.0356425 0.024437
1 0.48158 0.886742 0.04713 0.0381407
1 0.6865 0.929714 0.0249716 0.0207972
4 0.51368 0.539245 0.57387 0.458449
2 0.508042 0.587566 0.511373 0.405055
1 0.50041 0.763171 0.0387892 0.0269849
1 0.505542 0.719758 0.0531929 0.0512722
3 0.515684 0.514036 0.587794 0.971928
1 0.413198 0.556699 0.169154 0.225441
