1 0.516984 0.468106 0.584318 0.843977
4 0.516984 0.468106 0.584318 0.843977
2 0.382396 0.664985 0.308507 0.446455
4 0.368379 0.657079 0.27126 0.374049
4 0.41477 0.668676 0.372971 0.465118
4 0.380093 0.473041 0.506096 0.793478
1 0.380093 0.473041 0.506096 0.793478
1 0.412486 0.669188 0.369322 0.463814
2 0.482114 0.589998 0.570262 0.653593
2 0.707177 0.58669 0.0934499 0.149459
2 0.37962 0.524788 0.4416 0.762668
1 0.567411 0.612459 0.579671 0.653546
1 0.70297 0.587614 0.101076 0.171627
0 0.376842 0.638439 0.308679 0.469819
4 0.569475 0.607073 0.590655 0.670041
2 0.348182 0.624925 0.263678 0.323246
1 0.699886 0.59176 0.149598 0.21973
0 0.379102 0.518853 0.440183 0.776944
2 0.567517 0.509585 0.685278 0.854316
1 0.970114 0.535263 0.0596991 0.392152
4 0.662608 0.52718 0.674783 0.945641
1 0.377211 0.535321 0.35874 0.658627
0 0.482114 0.589998 0.570262 0.653593
1 0.982673 0.521257 0.0346541 0.24746
1 0.68564 0.547054 0.532421 0.72831
2 0.364882 0.558943 0.270024 0.532628
4 0.377211 0.535321 0.35874 0.658627
4 0.68564 0.547054 0.532421 0.72831
2 0.699886 0.59176 0.149598 0.21973
1 0.662608 0.52718 0.674783 0.945641
1 0.953434 0.533681 0.0931317 0.464491
1 0.0428931 0.0630781 0.0857861 0.126156
4 0.586228 0.611499 0.318356 0.551805
0 0.612651 0.509854 0.674638 0.874034
1 0.975259 0.548074 0.0494823 0.279493
1 0.969922 0.409777 0.0601566 0.462644
1 0.586228 0.611499 0.318356 0.551805
