4 0.523529 0.531385 0.929716 0.497114
3 0.523529 0.531385 0.929716 0.497114
2 0.817581 0.617513 0.242493 0.155283
4 0.491998 0.413631 0.879254 0.321398
2 0.828332 0.62688 0.164747 0.13204
4 0.492399 0.470292 0.686813 0.351879
2 0.815494 0.588586 0.295885 0.185405
2 0.797536 0.593356 0.188119 0.135961
3 0.817581 0.617513 0.242493 0.155283
1 0.523529 0.531385 0.929716 0.497114
2 0.833693 0.649166 0.235696 0.159102
4 0.338553 0.548851 0.58117 0.498827
2 0.523529 0.531385 0.929716 0.497114
4 0.714782 0.538057 0.546228 0.430242
0 0.817581 0.617513 0.242493 0.155283
4 0.817581 0.617513 0.242493 0.155283
2 0.768991 0.553056 0.372923 0.288076
1 0.544081 0.56111 0.0389208 0.0530043
