3 0.934316 0.566335 0.131369 0.518716
2 0.574118 0.50975 0.470816 0.856442
0 0.553549 0.520625 0.442465 0.859903
4 0.579402 0.499508 0.514702 0.870866
0 0.494302 0.528662 0.784198 0.88019
3 0.955328 0.494511 0.0889085 0.508138
2 0.494302 0.528662 0.784198 0.88019
2 0.939897 0.531643 0.119998 0.514883
2 0.0430482 0.519727 0.0812591 0.438462
4 0.487914 0.496659 0.84016 0.905448
4 0.935972 0.563562 0.127409 0.491628
3 0.902612 0.490559 0.194775 0.643895
3 0.579402 0.499508 0.514702 0.870866
0 0.933406 0.566346 0.133189 0.515615
3 0.97103 0.490291 0.0555498 0.45439
1 0.934316 0.566335 0.131369 0.518716
2 0.961128 0.456406 0.0777449 0.53975
1 0.574887 0.508433 0.469303 0.857482
4 0.539013 0.543069 0.340553 0.773227
2 0.973216 0.452727 0.0523759 0.449716
2 0.0447352 0.421939 0.0894704 0.430369
3 0.905447 0.621465 0.173785 0.430617
2 0.0336483 0.586985 0.0655606 0.429761
3 0.865307 0.553807 0.257642 0.59299
2 0.0263249 0.519576 0.0495047 0.359928
0 0.955328 0.494511 0.0889085 0.508138
1 0.955328 0.494511 0.0889085 0.508138
3 0.487914 0.496659 0.84016 0.905448
2 0.0369768 0.745752 0.0711632 0.27522
2 0.930242 0.625762 0.137417 0.394447
