4 0.558325 0.465316 0.327731 0.269418
1 0.781903 0.187347 0.0390168 0.0639177
2 0.560224 0.462283 0.327931 0.273466
3 0.910572 0.590416 0.175481 0.705077
4 0.477014 0.460954 0.177564 0.278361
1 0.979641 0.292672 0.0407174 0.103689
4 0.910778 0.546306 0.176628 0.802339
4 0.556802 0.46339 0.166816 0.231888
2 0.910778 0.546306 0.176628 0.802339
3 0.55916 0.460534 0.329531 0.251241
0 0.558325 0.465316 0.327731 0.269418
1 0.558325 0.465316 0.327731 0.269418
3 0.940128 0.549975 0.118686 0.821622
1 0.77965 0.185286 0.0524341 0.0885378
1 0.910572 0.590416 0.175481 0.705077
3 0.913901 0.711295 0.170348 0.431881
3 0.868217 0.64204 0.258337 0.585304
1 0.977421 0.315897 0.0451588 0.121791
1 0.984449 0.291866 0.0311027 0.0733959
0 0.0455565 0.192686 0.088806 0.385372
3 0.0419474 0.260184 0.0838948 0.520367
2 0.0481317 0.211398 0.0962633 0.422796
3 0.964581 0.548919 0.070818 0.806565
0 0.910778 0.546306 0.176628 0.802339
