2 0.50369 0.474058 0.110327 0.136104
2 0.430649 0.480284 0.337309 0.546098
2 0.492088 0.489341 0.158511 0.233399
0 0.50369 0.474058 0.110327 0.136104
4 0.502715 0.479577 0.109495 0.14008
3 0.50369 0.474058 0.110327 0.136104
1 0.50369 0.474058 0.110327 0.136104
2 0.519506 0.492748 0.375664 0.541006
2 0.518137 0.477378 0.144696 0.17382
3 0.430649 0.480284 0.337309 0.546098
0 0.430649 0.480284 0.337309 0.546098
4 0.430649 0.480284 0.337309 0.546098
2 0.410744 0.447391 0.280672 0.388823
4 0.06677 0.382181 0.13354 0.67303
2 0.0649569 0.380452 0.129914 0.628423
3 0.0746739 0.517921 0.149348 0.852115
4 0.863884 0.44057 0.272233 0.546963
3 0.492088 0.489341 0.158511 0.233399
