4 0.461054 0.472869 0.830405 0.385978
1 0.552359 0.054776 0.0460593 0.0323779
1 0.627866 0.976356 0.0446821 0.0289518
1 0.647987 0.970733 0.0493921 0.0288628
1 0.31653 0.902259 0.0394038 0.0270929
1 0.373938 0.907907 0.0320138 0.0238472
1 0.553228 0.0544125 0.0517848 0.0486213
1 0.662427 0.965636 0.0301132 0.0217808
1 0.441001 0.986561 0.0877669 0.0259359
1 0.365807 0.905259 0.0377761 0.0294232
1 0.227874 0.881203 0.0221906 0.0226505
1 0.357517 0.954282 0.0477316 0.0360555
1 0.634242 0.971926 0.0481104 0.0324316
1 0.627797 0.974697 0.0571929 0.0506053
1 0.420683 0.983382 0.119199 0.030213
1 0.45134 0.990279 0.0693217 0.0194414
1 0.934267 0.488719 0.019929 0.0157307
1 0.976445 0.859374 0.043144 0.051556
1 0.581464 0.991334 0.0459399 0.0158087
1 0.657487 0.969665 0.0413551 0.0245358
1 0.606019 0.981965 0.0759543 0.0312954
1 0.643438 0.970333 0.0664612 0.055273
1 0.626276 0.983873 0.0445524 0.0235884
1 0.911501 0.467294 0.0266902 0.0190298
1 0.862691 0.311486 0.0289289 0.021405
1 0.928183 0.955861 0.0228516 0.0172344
1 0.316939 0.901262 0.0494391 0.0521357
1 0.567787 0.949577 0.0328136 0.0222875
1 0.427031 0.988676 0.0852675 0.0209158
1 0.733583 0.0478314 0.0372262 0.0238337
1 0.851821 0.0811435 0.0471702 0.0272183
1 0.437308 0.98052 0.117852 0.038961
1 0.358345 0.956811 0.0570127 0.050662
1 0.872615 0.266331 0.0252551 0.0180184
1 0.843542 0.0781321 0.034831 0.0193059
1 0.327389 0.901297 0.048899 0.0307093
1 0.419557 0.975491 0.150012 0.0490181
1 0.810577 0.954208 0.0271513 0.0167433
1 0.358229 0.908114 0.0568415 0.0511163
1 0.585702 0.967991 0.0597318 0.0372004
1 0.579872 0.988036 0.0568296 0.0219374
1 0.887237 0.975697 0.0217178 0.0140717
1 0.224214 0.881005 0.0213868 0.0178311
1 0.374102 0.90685 0.0480704 0.0572452
3 0.46135 0.473545 0.839314 0.386761
1 0.368371 0.921583 0.0363676 0.0391746
1 0.590457 0.984411 0.0643265 0.0285227
1 0.247972 0.9543 0.0178157 0.0139371
1 0.663376 0.966666 0.0508483 0.0537193
1 0.468157 0.98723 0.141456 0.0245649
1 0.800712 0.960566 0.023201 0.0155045
1 0.37698 0.912601 0.0329922 0.0263632
3 0.43504 0.983858 0.0963342 0.0272957
1 0.957697 0.414915 0.018825 0.0135777
1 0.184756 0.968015 0.0516391 0.0528876
1 0.569083 0.986689 0.118423 0.0253729
1 0.709389 0.838917 0.0358714 0.030743
1 0.96761 0.0708032 0.0284825 0.0164996
1 0.180058 0.867552 0.0270677 0.0335842
1 0.463133 0.992029 0.0647585 0.0159415
2 0.46135 0.473545 0.839314 0.386761
3 0.442883 0.988436 0.0857577 0.0221086
0 0.551339 0.0550718 0.0449403 0.0326307
3 0.552692 0.053887 0.0428459 0.0362197
4 0.552692 0.053887 0.0428459 0.0362197
1 0.777351 0.0828442 0.0233306 0.0161809
2 0.552692 0.053887 0.0428459 0.0362197
1 0.548599 0.0646259 0.0470505 0.0428549
3 0.628512 0.976067 0.0452318 0.030092
1 0.604362 0.977687 0.0975037 0.0446254
1 0.151536 0.806707 0.0175067 0.013322
1 0.110209 0.891543 0.0164617 0.0157996
1 0.208336 0.151666 0.0262349 0.0168438
1 0.0492646 0.965341 0.0274052 0.0225136
1 0.456478 0.978404 0.123985 0.043191
