4 0.664797 0.340592 0.337665 0.288296
2 0.717667 0.452634 0.470311 0.517953
3 0.219598 0.683119 0.429513 0.269735
2 0.67198 0.363482 0.3535 0.330911
4 0.709072 0.415011 0.455933 0.508434
3 0.660884 0.340111 0.331563 0.237294
4 0.036502 0.290914 0.073004 0.343709
1 0.332932 0.452139 0.0491675 0.058064
2 0.0385125 0.328388 0.07426 0.337676
4 0.430414 0.412631 0.82702 0.736317
4 0.0561952 0.234963 0.11239 0.361723
4 0.0516045 0.326955 0.103209 0.382548
4 0.0379831 0.399399 0.0757453 0.474631
3 0.717667 0.452634 0.470311 0.517953
2 0.047308 0.341151 0.094088 0.469915
2 0.637249 0.319264 0.288159 0.260675
0 0.664797 0.340592 0.337665 0.288296
4 0.67094 0.408096 0.366013 0.302861
2 0.0396109 0.240756 0.0792218 0.342518
0 0.717667 0.452634 0.470311 0.517953
4 0.0318281 0.302552 0.0636562 0.200193
4 0.0314042 0.359506 0.0610255 0.341096
4 0.602653 0.305618 0.238209 0.255609
1 0.664797 0.340592 0.337665 0.288296
4 0.0267256 0.235837 0.0529534 0.310541
2 0.0428592 0.455537 0.0856035 0.592744
4 0.0773354 0.29313 0.154671 0.441998
4 0.051444 0.463376 0.102888 0.66768
2 0.0275533 0.294412 0.0525699 0.256824
2 0.219598 0.683119 0.429513 0.269735
4 0.332411 0.448042 0.0565753 0.0715123
2 0.0608532 0.227267 0.121706 0.388922
3 0.051444 0.463376 0.102888 0.66768
4 0.219598 0.683119 0.429513 0.269735
1 0.717667 0.452634 0.470311 0.517953
2 0.0309667 0.38749 0.0595383 0.367775
3 0.0364889 0.345769 0.0729779 0.401475
1 0.332507 0.456208 0.109436 0.113809
4 0.0461347 0.173351 0.0922695 0.339075
0 0.0385125 0.328388 0.07426 0.337676
4 0.596558 0.398899 0.710363 0.656902
1 0.334272 0.473975 0.655092 0.947951
3 0.0457683 0.279402 0.0915366 0.391858
4 0.0238392 0.273432 0.0476669 0.191629
4 0.104954 0.223689 0.209908 0.426611
3 0.211794 0.600329 0.413093 0.701685
4 0.464417 0.575341 0.928833 0.817772
1 0.036502 0.290914 0.073004 0.343709
0 0.0494679 0.280219 0.0989358 0.397539
0 0.0432858 0.421946 0.0828081 0.504856
1 0.219598 0.683119 0.429513 0.269735
4 0.182746 0.464971 0.358709 0.868553
2 0.597113 0.401641 0.778915 0.682317
3 0.118634 0.464883 0.237269 0.817302
0 0.220436 0.683367 0.419635 0.272267
4 0.332507 0.456208 0.109436 0.113809
3 0.0608532 0.227267 0.121706 0.388922
