4 0.505305 0.49576 0.431093 0.234797
3 0.44873 0.0953338 0.438838 0.190668
1 0.675747 0.865771 0.030919 0.0185862
4 0.508611 0.495791 0.233769 0.208426
3 0.356901 0.0814166 0.482194 0.161254
1 0.740792 0.990452 0.0821559 0.0184568
4 0.437995 0.505787 0.3297 0.198069
2 0.50562 0.494713 0.41439 0.221105
1 0.939382 0.890461 0.0389556 0.0294357
3 0.499277 0.495975 0.425534 0.228109
1 0.763123 0.926969 0.0420699 0.0344885
3 0.402443 0.051927 0.411912 0.102609
1 0.671089 0.866435 0.0356805 0.0244551
1 0.811283 0.918322 0.0296672 0.0161968
1 0.679154 0.862651 0.028149 0.0192768
0 0.50562 0.494713 0.41439 0.221105
3 0.820449 0.95739 0.0530983 0.0444191
1 0.648629 0.837061 0.0372831 0.0338021
1 0.505305 0.49576 0.431093 0.234797
3 0.758069 0.927094 0.0401965 0.034786
1 0.693867 0.901364 0.0310442 0.0260771
3 0.729169 0.990866 0.095838 0.0178236
2 0.455172 0.101662 0.456783 0.203324
3 0.82405 0.947391 0.063232 0.0575261
1 0.737641 0.988176 0.110694 0.0209452
