0 0.472586 0.51843 0.731342 0.810829
4 0.472554 0.520449 0.723448 0.815968
0 0.551446 0.388457 0.516112 0.525165
0 0.295164 0.666552 0.353238 0.366138
2 0.472554 0.520449 0.723448 0.815968
0 0.396633 0.683645 0.568734 0.466006
4 0.295592 0.651219 0.355338 0.354913
3 0.472554 0.520449 0.723448 0.815968
0 0.566517 0.284258 0.467357 0.31111
2 0.551163 0.391845 0.525029 0.531945
3 0.438237 0.718173 0.660698 0.500301
1 0.472554 0.520449 0.723448 0.815968
3 0.559617 0.413488 0.519773 0.58672
4 0.551446 0.388457 0.516112 0.525165
0 0.499273 0.680562 0.788075 0.618584
