2 0.430752 0.496936 0.24995 0.65992
4 0.432285 0.497376 0.250248 0.657641
0 0.43917 0.334532 0.12355 0.17564
0 0.448309 0.335875 0.0723306 0.0919906
4 0.43917 0.334532 0.12355 0.17564
0 0.435055 0.328005 0.213583 0.29665
4 0.435055 0.328005 0.213583 0.29665
2 0.427289 0.362476 0.231906 0.371394
2 0.926119 0.464814 0.147763 0.741813
0 0.926119 0.464814 0.147763 0.741813
0 0.431179 0.49786 0.248665 0.656691
2 0.0294931 0.532005 0.0589863 0.521926
0 0.450248 0.336072 0.044475 0.067444
2 0.890987 0.524393 0.218025 0.764967
3 0.432396 0.510033 0.252312 0.689144
0 0.462531 0.339541 0.0917056 0.133789
2 0.959783 0.480994 0.0804342 0.720627
4 0.926119 0.464814 0.147763 0.741813
1 0.926119 0.464814 0.147763 0.741813
0 0.890987 0.524393 0.218025 0.764967
1 0.432396 0.510033 0.252312 0.689144
2 0.0222034 0.561974 0.0432621 0.363191
1 0.658369 0.950835 0.0718695 0.0983303
2 0.0443956 0.474092 0.0887912 0.562766
2 0.0191464 0.478684 0.0363073 0.402177
4 0.450003 0.336027 0.0626261 0.0840658
4 0.888513 0.515327 0.222237 0.824279
2 0.479508 0.54005 0.266561 0.767331
4 0.503629 0.515997 0.311949 0.804405
3 0.926119 0.464814 0.147763 0.741813
1 0.890987 0.524393 0.218025 0.764967
0 0.953616 0.465353 0.0927678 0.688219
