2 0.476025 0.472895 0.402696 0.14295
4 0.395574 0.0651717 0.67187 0.129465
4 0.46518 0.964913 0.1938 0.0682972
4 0.393118 0.0390156 0.58476 0.0712352
4 0.396155 0.102568 0.621499 0.191524
1 0.395574 0.0651717 0.67187 0.129465
2 0.415271 0.0652427 0.61448 0.125068
0 0.406801 0.063862 0.646153 0.12657
1 0.152003 0.702547 0.0348699 0.0199144
3 0.413387 0.0801164 0.631455 0.153419
2 0.421063 0.42413 0.479422 0.258762
4 0.476025 0.472895 0.402696 0.14295
2 0.393118 0.0390156 0.58476 0.0712352
3 0.476062 0.47329 0.405715 0.15133
0 0.476025 0.472895 0.402696 0.14295
1 0.473819 0.463631 0.397676 0.16348
1 0.451811 0.402451 0.410227 0.291324
0 0.425862 0.042513 0.590339 0.0795786
0 0.4242 0.0981597 0.698015 0.196319
4 0.426086 0.0183953 0.519348 0.0364793
2 0.421875 0.096693 0.698096 0.193127
4 0.394258 0.143895 0.705846 0.281179
4 0.41198 0.965603 0.370855 0.0685566
4 0.349307 0.0157874 0.459336 0.0293033
3 0.477272 0.967302 0.194677 0.0636971
2 0.599397 0.51847 0.246848 0.0997876
4 0.499001 0.0434806 0.718981 0.0869612
2 0.46518 0.964913 0.1938 0.0682972
1 0.347768 0.386969 0.540847 0.266499
1 0.393118 0.0390156 0.58476 0.0712352
3 0.416567 0.128781 0.651007 0.234621
2 0.426086 0.0183953 0.519348 0.0364793
1 0.380027 0.360226 0.341026 0.245136
1 0.443754 0.3517 0.530233 0.471722
1 0.412336 0.106232 0.644868 0.197949
2 0.499001 0.0434806 0.718981 0.0869612
0 0.35347 0.032275 0.563171 0.0595557
0 0.426086 0.0183953 0.519348 0.0364793
2 0.55516 0.507164 0.417351 0.132443
3 0.393118 0.0390156 0.58476 0.0712352
