2 0.484778 0.529677 0.527286 0.669376
4 0.498221 0.530981 0.546612 0.676921
1 0.484778 0.529677 0.527286 0.669376
0 0.454066 0.523941 0.476374 0.671134
1 0.949666 0.456037 0.0708319 0.0643145
1 0.604585 0.868906 0.0400733 0.0284857
2 0.0394297 0.233291 0.0788593 0.104183
1 0.0394297 0.233291 0.0788593 0.104183
1 0.754597 0.864404 0.0865049 0.0498424
1 0.440588 0.972655 0.0366177 0.0244354
1 0.105543 0.0217163 0.157854 0.0414436
3 0.484778 0.529677 0.527286 0.669376
1 0.957683 0.580204 0.0627684 0.0443125
1 0.829713 0.679482 0.0346535 0.0219905
1 0.690596 0.76284 0.0475423 0.0259515
0 0.0394297 0.233291 0.0788593 0.104183
2 0.573852 0.580829 0.427356 0.624028
0 0.587093 0.595244 0.733351 0.786299
1 0.68827 0.763648 0.0380594 0.0192169
