4 0.593802 0.481182 0.444001 0.702926
4 0.103528 0.523633 0.202545 0.896288
4 0.392702 0.427128 0.729892 0.831744
1 0.366381 0.978161 0.18461 0.0436781
2 0.359669 0.978426 0.124558 0.0430647
4 0.099637 0.710495 0.195391 0.572453
0 0.36553 0.978432 0.143523 0.042738
4 0.162518 0.459036 0.302618 0.898133
1 0.593802 0.481182 0.444001 0.702926
4 0.0866736 0.514809 0.172721 0.624669
2 0.593802 0.481182 0.444001 0.702926
1 0.96649 0.93796 0.0475975 0.0455412
4 0.359669 0.978426 0.124558 0.0430647
1 0.984833 0.0860705 0.0303343 0.0866604
1 0.943501 0.30636 0.0491417 0.0481361
4 0.704269 0.447783 0.552777 0.783698
1 0.984778 0.10609 0.0304442 0.144243
2 0.394519 0.977918 0.221298 0.0441638
0 0.593802 0.481182 0.444001 0.702926
1 0.366956 0.979097 0.0874717 0.0390889
2 0.349816 0.973819 0.172179 0.0500977
2 0.086626 0.528722 0.172529 0.864742
1 0.0880453 0.576836 0.175524 0.836458
1 0.987078 0.0844341 0.0236874 0.0540247
1 0.965839 0.945625 0.063233 0.0675283
2 0.368303 0.985042 0.125985 0.0268251
0 0.368303 0.985042 0.125985 0.0268251
1 0.399113 0.979533 0.14287 0.0390477
4 0.0578572 0.529283 0.113829 0.837612
0 0.0885949 0.62845 0.176374 0.742802
1 0.976767 0.138237 0.0464651 0.221833
3 0.0880453 0.576836 0.175524 0.836458
3 0.593802 0.481182 0.444001 0.702926
2 0.39149 0.981005 0.14576 0.0363739
1 0.984976 0.156772 0.0300483 0.220782
4 0.70418 0.484679 0.318076 0.666699
1 0.529107 0.0111904 0.0743126 0.0223807
2 0.0918248 0.709728 0.181791 0.580544
4 0.537064 0.541187 0.78682 0.661624
