1 0.400952 0.47248 0.286831 0.268234
1 0.477845 0.560719 0.526642 0.878561
1 0.407375 0.505277 0.333012 0.488997
3 0.477845 0.560719 0.526642 0.878561
1 0.378628 0.433951 0.252594 0.179014
1 0.652027 0.98322 0.0809172 0.0285312
1 0.443561 0.434265 0.394645 0.758251
1 0.874792 0.744623 0.0625041 0.0422816
1 0.372513 0.519539 0.37238 0.700486
4 0.429792 0.555855 0.557509 0.888289
3 0.400952 0.47248 0.286831 0.268234
1 0.59471 0.929829 0.0422208 0.0266459
1 0.527479 0.444031 0.505753 0.888062
1 0.124324 0.466577 0.102673 0.0925244
1 0.676049 0.984604 0.0901966 0.0301378
1 0.618485 0.853739 0.0480031 0.0337847
1 0.698318 0.984399 0.077358 0.0264709
1 0.429901 0.709592 0.589818 0.580816
1 0.415638 0.860005 0.041213 0.0432898
3 0.426906 0.476855 0.333009 0.462839
1 0.660352 0.987689 0.0679456 0.0223387
1 0.707966 0.986918 0.0506909 0.0256902
1 0.660938 0.979228 0.0840342 0.0393301
1 0.661286 0.804371 0.0511664 0.044774
1 0.404731 0.808531 0.0652803 0.0554302
1 0.647035 0.43508 0.494477 0.829606
1 0.0660196 0.612828 0.0807118 0.0733646
1 0.755706 0.0266075 0.115972 0.0515848
1 0.42009 0.851958 0.0408093 0.0417736
1 0.420639 0.842077 0.0331729 0.0309292
1 0.477052 0.587864 0.507438 0.484074
2 0.477845 0.560719 0.526642 0.878561
1 0.169463 0.284767 0.0725772 0.0648969
3 0.647035 0.43508 0.494477 0.829606
1 0.665046 0.97401 0.117197 0.0519795
1 0.585069 0.986191 0.0582063 0.0247781
1 0.293322 0.962459 0.0425789 0.0238598
1 0.610635 0.893724 0.0406282 0.0347856
1 0.602441 0.916045 0.0365714 0.0347014
1 0.613758 0.98414 0.0980218 0.0268163
0 0.477845 0.560719 0.526642 0.878561
1 0.10046 0.977979 0.0685324 0.0376602
2 0.527479 0.444031 0.505753 0.888062
1 0.616141 0.0112112 0.0796002 0.0224225
1 0.293626 0.983883 0.0505581 0.0242201
1 0.643208 0.528138 0.672256 0.943725
1 0.389145 0.036973 0.0866989 0.0642656
1 0.313795 0.744219 0.0406353 0.0306868
1 0.637142 0.988368 0.080323 0.0212696
1 0.747665 0.586507 0.100882 0.110535
1 0.457212 0.982181 0.0598402 0.0356388
1 0.507451 0.896345 0.0457977 0.0415159
1 0.907861 0.719494 0.0727985 0.0552302
3 0.443561 0.434265 0.394645 0.758251
1 0.292701 0.971815 0.0489933 0.0262526
3 0.527479 0.444031 0.505753 0.888062
1 0.487927 0.973063 0.0769498 0.0489871
1 0.79321 0.0149794 0.107764 0.0289704
4 0.400952 0.47248 0.286831 0.268234
4 0.525621 0.489419 0.543098 0.978837
1 0.282439 0.973359 0.0584005 0.0309345
1 0.0742982 0.718896 0.0851455 0.079634
3 0.643208 0.528138 0.672256 0.943725
1 0.724465 0.731763 0.0565807 0.036997
1 0.371083 0.4133 0.205345 0.12388
1 0.634723 0.974488 0.0988913 0.0418179
1 0.410622 0.0315861 0.0927397 0.0618801
1 0.082231 0.910782 0.037524 0.0323431
1 0.275616 0.694773 0.0484865 0.0422758
1 0.278636 0.984315 0.0683367 0.022749
1 0.0793421 0.607694 0.0596834 0.0610462
1 0.469777 0.983491 0.0621999 0.0312327
1 0.166592 0.930767 0.0298629 0.0259908
1 0.516427 0.90036 0.0417179 0.0410177
4 0.407375 0.505277 0.333012 0.488997
1 0.630952 0.0131872 0.0836068 0.0263744
1 0.785837 0.0209588 0.127888 0.0413841
1 0.625172 0.849133 0.0508055 0.0346615
1 0.64489 0.0111082 0.0828698 0.0222163
1 0.279643 0.699833 0.062967 0.0559476
1 0.160651 0.928487 0.0278392 0.0210762
1 0.57238 0.986366 0.047444 0.023922
1 0.678323 0.988674 0.0774089 0.0202669
1 0.188155 0.884327 0.0289608 0.0249617
1 0.290733 0.989145 0.0567588 0.0198637
1 0.701784 0.952289 0.0926132 0.063736
2 0.400952 0.47248 0.286831 0.268234
1 0.554281 0.013995 0.0787867 0.0271203
1 0.346985 0.137171 0.0798363 0.0614078
1 0.0995535 0.722075 0.0645439 0.0733213
1 0.817495 0.0123312 0.0918205 0.0237805
1 0.426239 0.0201233 0.0710173 0.0369465
1 0.584299 0.977791 0.0621994 0.035145
1 0.603491 0.855591 0.0373789 0.0271611
1 0.569305 0.0111329 0.0649529 0.0215478
1 0.509753 0.972133 0.0553044 0.0429548
1 0.604796 0.931086 0.0455783 0.0320986
1 0.338104 0.882832 0.0723587 0.0546015
3 0.372513 0.519539 0.37238 0.700486
1 0.179343 0.893678 0.0387822 0.0286904
1 0.580428 0.0131156 0.0943979 0.0262313
1 0.426401 0.858217 0.0433588 0.0425661
0 0.400952 0.47248 0.286831 0.268234
1 0.774075 0.989903 0.0440027 0.0195276
1 0.207426 0.910675 0.0271576 0.02854
3 0.509651 0.583706 0.495345 0.468265
4 0.372513 0.519539 0.37238 0.700486
1 0.288576 0.215166 0.0887808 0.0615289
1 0.56949 0.650541 0.611233 0.698919
1 0.467029 0.975373 0.0779345 0.0484626
1 0.730591 0.980312 0.0612141 0.0306629
1 0.725394 0.990531 0.062681 0.018408
1 0.316224 0.752906 0.0320405 0.0254384
1 0.187833 0.894236 0.0281178 0.0258311
1 0.536139 0.015556 0.059374 0.0268755
1 0.26976 0.227101 0.0551503 0.0399873
1 0.604874 0.898481 0.0394902 0.0340992
1 0.512526 0.836656 0.0632975 0.0529476
1 0.431625 0.0120672 0.0633329 0.0231833
1 0.520146 0.984787 0.0423775 0.0278575
1 0.532283 0.42841 0.294646 0.402434
1 0.164173 0.90713 0.0256103 0.0185928
1 0.407654 0.823045 0.0453417 0.0359764
1 0.593562 0.858523 0.0434533 0.0371975
1 0.603172 0.0135403 0.0907534 0.0270806
1 0.310756 0.213022 0.125273 0.0763731
1 0.739642 0.984803 0.0428112 0.0226644
1 0.0836179 0.97492 0.0882029 0.0478424
1 0.510522 0.983442 0.044894 0.0280204
1 0.0249326 0.868697 0.0473149 0.0745455
1 0.496125 0.887183 0.0381764 0.0326687
1 0.602156 0.885484 0.0349737 0.0293052
1 0.698434 0.989854 0.0565482 0.0202915
1 0.885026 0.965101 0.0819747 0.0600618
1 0.514486 0.960443 0.0386605 0.0441971
1 0.282094 0.70278 0.0759584 0.0777647
1 0.299662 0.966931 0.0481237 0.0266121
2 0.407375 0.505277 0.333012 0.488997
1 0.435705 0.974528 0.146664 0.0479563
1 0.419002 0.850212 0.0494234 0.05983
1 0.144554 0.477551 0.105371 0.106622
1 0.281397 0.959333 0.0394005 0.0187488
1 0.61687 0.849161 0.0555458 0.0522761
1 0.406763 0.840545 0.0449162 0.0328488
1 0.41421 0.836115 0.0436442 0.0306589
1 0.544682 0.365611 0.220638 0.552541
1 0.508165 0.868961 0.0448233 0.0409409
