3 0.617327 0.504937 0.491846 0.816054
3 0.526466 0.587633 0.444856 0.6258
3 0.430253 0.586997 0.78336 0.692249
0 0.0774386 0.933485 0.14792 0.11226
1 0.0724665 0.930692 0.141859 0.119922
1 0.0262539 0.342476 0.0525077 0.092513
2 0.614737 0.487947 0.501707 0.858264
2 0.973245 0.592004 0.0535096 0.381632
1 0.0301012 0.354911 0.0602025 0.140346
1 0.121332 0.372707 0.242665 0.244069
1 0.0739584 0.368074 0.147603 0.223044
2 0.970176 0.690081 0.059649 0.411045
3 0.709826 0.38114 0.297381 0.603673
1 0.973245 0.592004 0.0535096 0.381632
1 0.0225617 0.343027 0.0451235 0.0642658
0 0.157559 0.382886 0.135593 0.0856773
1 0.0369601 0.409188 0.0739201 0.262252
1 0.617327 0.504937 0.491846 0.816054
1 0.981354 0.539042 0.0372927 0.272599
3 0.973245 0.592004 0.0535096 0.381632
3 0.118408 0.468403 0.236816 0.494697
3 0.578408 0.48456 0.504376 0.541964
1 0.0614943 0.327836 0.122989 0.193544
4 0.614737 0.487947 0.501707 0.858264
1 0.0764576 0.46843 0.152915 0.436089
3 0.0777536 0.933568 0.153046 0.120874
3 0.334558 0.683644 0.649989 0.574751
2 0.0774386 0.933485 0.14792 0.11226
3 0.52801 0.659617 0.319315 0.594068
3 0.112451 0.647229 0.224903 0.194352
1 0.14387 0.375882 0.172612 0.133405
1 0.976193 0.534745 0.046408 0.165832
0 0.973245 0.592004 0.0535096 0.381632
1 0.0788482 0.894059 0.157696 0.208009
0 0.14387 0.375882 0.172612 0.133405
