3 0.52343 0.584664 0.9294 0.778448
3 0.592489 0.532483 0.80914 0.477003
3 0.548484 0.403614 0.853888 0.736083
1 0.337701 0.980637 0.317267 0.0383057
3 0.674558 0.578381 0.650885 0.672235
0 0.351909 0.982486 0.264391 0.0345409
1 0.521167 0.613323 0.924176 0.763137
2 0.351909 0.982486 0.264391 0.0345409
4 0.548484 0.403614 0.853888 0.736083
3 0.614001 0.70791 0.758654 0.584179
0 0.341866 0.978719 0.364668 0.0424774
1 0.343048 0.974027 0.385217 0.0519471
0 0.521167 0.613323 0.924176 0.763137
2 0.341866 0.978719 0.364668 0.0424774
3 0.755368 0.630044 0.447404 0.545572
1 0.420084 0.978994 0.465785 0.0420121
0 0.354832 0.987819 0.240003 0.020993
