3 0.622901 0.553684 0.754198 0.450358
3 0.829049 0.424058 0.338782 0.39134
3 0.713522 0.468562 0.572957 0.551149
3 0.53484 0.653947 0.912759 0.618527
1 0.622901 0.553684 0.754198 0.450358
2 0.829532 0.439747 0.340069 0.370644
1 0.837365 0.454041 0.313172 0.366383
3 0.853174 0.517699 0.289636 0.449302
0 0.622901 0.553684 0.754198 0.450358
3 0.517536 0.494063 0.964928 0.628098
2 0.62393 0.581146 0.75214 0.506694
4 0.829741 0.420738 0.340518 0.362151
0 0.828546 0.424581 0.339877 0.391947
3 0.756228 0.580613 0.477274 0.610389
1 0.712076 0.467571 0.575848 0.527801
2 0.712076 0.467571 0.575848 0.527801
4 0.62393 0.581146 0.75214 0.506694
3 0.905967 0.550122 0.1843 0.326812
3 0.725405 0.721915 0.549189 0.488466
3 0.822627 0.294719 0.352165 0.521469
