3 0.598559 0.4754 0.802881 0.477458
0 0.294902 0.57349 0.321307 0.231465
3 0.536521 0.57486 0.819669 0.717034
2 0.305583 0.575351 0.304062 0.224458
4 0.599039 0.477125 0.801923 0.4619
2 0.694739 0.908882 0.176469 0.125867
0 0.547624 0.962736 0.454139 0.0740719
3 0.52554 0.607928 0.238827 0.179954
4 0.547624 0.962736 0.454139 0.0740719
2 0.547624 0.962736 0.454139 0.0740719
2 0.476841 0.966838 0.203993 0.0663234
0 0.339022 0.597989 0.261962 0.198591
3 0.305583 0.575351 0.304062 0.224458
3 0.526814 0.610753 0.401548 0.311434
1 0.305583 0.575351 0.304062 0.224458
4 0.550262 0.386165 0.879533 0.77233
2 0.707639 0.936089 0.208677 0.119199
4 0.536521 0.57486 0.819669 0.717034
4 0.305583 0.575351 0.304062 0.224458
1 0.554322 0.959891 0.383972 0.0793643
3 0.487945 0.964225 0.530919 0.0709971
2 0.441727 0.959672 0.162848 0.0806558
2 0.489049 0.953469 0.622367 0.0861647
2 0.663692 0.933049 0.405295 0.125394
3 0.550262 0.386165 0.879533 0.77233
4 0.586238 0.940921 0.507299 0.116151
0 0.520429 0.970804 0.330777 0.0583721
4 0.489049 0.953469 0.622367 0.0861647
2 0.73467 0.914098 0.261245 0.146032
3 0.541182 0.594709 0.178727 0.126218
3 0.69082 0.572325 0.618361 0.635387
3 0.554108 0.948025 0.407327 0.101341
0 0.375226 0.607552 0.512802 0.309524
2 0.576709 0.944056 0.410948 0.107832
2 0.597373 0.475477 0.805254 0.476893
2 0.536521 0.57486 0.819669 0.717034
