3 0.681695 0.548945 0.34272 0.371302
4 0.677714 0.554216 0.33031 0.362184
3 0.747564 0.494735 0.496067 0.561515
0 0.403848 0.410145 0.807696 0.820291
2 0.681695 0.548945 0.34272 0.371302
3 0.472827 0.526731 0.880987 0.934973
2 0.403532 0.529441 0.807064 0.898781
1 0.418781 0.255327 0.178771 0.280222
1 0.681695 0.548945 0.34272 0.371302
4 0.403848 0.410145 0.807696 0.820291
0 0.681695 0.548945 0.34272 0.371302
3 0.686415 0.556734 0.176126 0.31513
1 0.429464 0.339609 0.583568 0.679219
1 0.425356 0.249827 0.361362 0.438835
2 0.475573 0.39023 0.877311 0.78046
