3 0.456025 0.544759 0.693659 0.857117
1 0.613725 0.718566 0.0390311 0.0375815
1 0.457139 0.545265 0.698207 0.86462
1 0.670503 0.834371 0.0560095 0.0503789
1 0.627929 0.762523 0.0385503 0.0422429
1 0.984908 0.581057 0.030184 0.0548599
1 0.138861 0.362994 0.0379589 0.0412428
1 0.477508 0.815644 0.031372 0.0303829
1 0.984802 0.738142 0.0303959 0.104699
1 0.654448 0.78883 0.0335734 0.0300836
1 0.952276 0.821567 0.0295244 0.0359268
1 0.650247 0.599926 0.0357067 0.0324186
1 0.789196 0.699959 0.0323248 0.0287164
1 0.623845 0.745418 0.0423008 0.0461823
1 0.981573 0.592845 0.036855 0.0846362
1 0.0298456 0.65177 0.0585205 0.102899
1 0.621853 0.725286 0.0441295 0.0404145
1 0.661769 0.787834 0.031163 0.030811
1 0.656103 0.833426 0.0695756 0.0532807
