3 0.459747 0.523866 0.464622 0.424233
2 0.742957 0.687349 0.237831 0.342854
3 0.55697 0.526232 0.70844 0.495296
4 0.451859 0.525587 0.457947 0.422177
1 0.452225 0.526418 0.459036 0.424636
2 0.677868 0.614708 0.566028 0.55683
3 0.395159 0.56643 0.718904 0.569862
2 0.452225 0.526418 0.459036 0.424636
3 0.603945 0.470522 0.217686 0.304764
1 0.795811 0.0149312 0.0711241 0.0298624
0 0.451859 0.525587 0.457947 0.422177
4 0.600816 0.522932 0.798367 0.607786
0 0.602038 0.598902 0.795923 0.621176
3 0.612915 0.474317 0.46439 0.353383
3 0.617025 0.427808 0.63467 0.482503
3 0.568686 0.651907 0.780322 0.651895
4 0.612908 0.475389 0.66234 0.431546
4 0.714256 0.472033 0.405004 0.446361
2 0.613801 0.476605 0.734171 0.472269
