3 0.272912 0.591225 0.357726 0.615805
3 0.350121 0.577877 0.313297 0.571613
4 0.459269 0.0272995 0.0869192 0.0545989
3 0.358125 0.605128 0.638164 0.631627
2 0.273465 0.590778 0.359987 0.612412
4 0.457176 0.033959 0.108772 0.0679179
1 0.273465 0.590778 0.359987 0.612412
4 0.273465 0.590778 0.359987 0.612412
4 0.488247 0.0291685 0.0752303 0.0503509
4 0.614644 0.0295985 0.0695212 0.0443344
3 0.286943 0.580358 0.322016 0.31213
4 0.435135 0.0284198 0.0808157 0.0568396
2 0.443907 0.0263823 0.10039 0.0527645
4 0.485646 0.0251753 0.11038 0.0489875
