3 0.510588 0.499385 0.285266 0.204576
3 0.595704 0.564199 0.125468 0.104435
3 0.434043 0.459547 0.1304 0.111349
3 0.573476 0.542916 0.163377 0.132693
3 0.469009 0.458907 0.209269 0.166581
3 0.55343 0.526775 0.266719 0.231389
3 0.442567 0.463151 0.251613 0.230611
3 0.508415 0.43742 0.286758 0.262556
4 0.509187 0.498866 0.284765 0.213289
2 0.51421 0.496792 0.2974 0.210853
1 0.438141 0.465164 0.144074 0.117993
2 0.433889 0.456314 0.121337 0.119274
3 0.508573 0.492728 0.177363 0.19694
3 0.617756 0.575028 0.101155 0.0910977
1 0.597488 0.563184 0.123381 0.106276
1 0.509187 0.498866 0.284765 0.213289
3 0.522529 0.539638 0.370723 0.354088
0 0.593749 0.558536 0.131544 0.112109
