3 0.548883 0.31701 0.813239 0.587453
3 0.569714 0.471689 0.794986 0.943377
2 0.468377 0.520017 0.904503 0.914996
2 0.57282 0.318707 0.771463 0.578784
1 0.548883 0.31701 0.813239 0.587453
0 0.468377 0.520017 0.904503 0.914996
2 0.479716 0.716491 0.959432 0.479041
1 0.569714 0.471689 0.794986 0.943377
3 0.572734 0.46511 0.760341 0.485814
3 0.435258 0.574638 0.870516 0.850725
3 0.587324 0.224604 0.672826 0.449208
4 0.471808 0.519235 0.92923 0.938933
4 0.548883 0.31701 0.813239 0.587453
0 0.221219 0.561597 0.0250273 0.0199546
