3 0.431733 0.381514 0.369023 0.254851
3 0.400969 0.347175 0.53687 0.431881
3 0.401715 0.248765 0.593667 0.448053
4 0.418253 0.381782 0.369531 0.261767
4 0.401715 0.248765 0.593667 0.448053
3 0.393623 0.373047 0.365556 0.355146
1 0.399901 0.610756 0.0659472 0.0616674
4 0.400969 0.347175 0.53687 0.431881
3 0.500576 0.385022 0.221761 0.243551
3 0.417246 0.38794 0.235354 0.223808
1 0.401715 0.248765 0.593667 0.448053
1 0.418253 0.381782 0.369531 0.261767
3 0.449364 0.468794 0.799198 0.766225
2 0.418253 0.381782 0.369531 0.261767
3 0.499699 0.397893 0.496195 0.401294
