3 0.447267 0.436654 0.574305 0.332512
2 0.483341 0.955236 0.225855 0.0879211
3 0.513164 0.511749 0.713908 0.4136
3 0.418799 0.479802 0.456859 0.223201
1 0.447399 0.435882 0.572724 0.331113
4 0.483341 0.955236 0.225855 0.0879211
4 0.442429 0.433849 0.564166 0.332672
4 0.501107 0.958556 0.377452 0.0814924
1 0.425854 0.959192 0.378665 0.0816165
3 0.31134 0.480834 0.241449 0.106492
2 0.465065 0.95196 0.36734 0.0889296
1 0.574059 0.565165 0.741539 0.441714
1 0.362961 0.956008 0.215352 0.087983
3 0.483341 0.955236 0.225855 0.0879211
3 0.50023 0.948135 0.383691 0.101266
3 0.57957 0.490117 0.347171 0.311472
2 0.447267 0.436654 0.574305 0.332512
3 0.525501 0.596666 0.618604 0.408072
