3 0.455976 0.478406 0.575223 0.807888
1 0.243157 0.788887 0.153591 0.176059
4 0.44237 0.47867 0.585914 0.801014
3 0.441975 0.641247 0.589412 0.56572
2 0.243157 0.788887 0.153591 0.176059
1 0.964735 0.669961 0.0704854 0.416062
3 0.946552 0.711341 0.106896 0.473812
2 0.456823 0.478776 0.576584 0.812215
1 0.455976 0.478406 0.575223 0.807888
2 0.96451 0.762314 0.0709808 0.440668
1 0.946552 0.711341 0.106896 0.473812
4 0.220851 0 0.0798949 0
4 0.943519 0.759698 0.112719 0.455777
4 0.96297 0.711518 0.0740604 0.458718
