3 0.354149 0.67168 0.352849 0.363529
4 0.94278 0.677749 0.11244 0.535007
3 0.361276 0.668552 0.174382 0.31263
4 0.960071 0.722247 0.0794645 0.444822
2 0.712272 0.686026 0.115543 0.12584
2 0.353668 0.671881 0.351191 0.365741
4 0.354237 0.673904 0.349336 0.366
4 0.889453 0.684023 0.221095 0.57556
3 0.94278 0.677749 0.11244 0.535007
3 0.889453 0.684023 0.221095 0.57556
4 0.913169 0.781612 0.173663 0.436777
4 0.978098 0.718789 0.0401031 0.439817
1 0.353668 0.671881 0.351191 0.365741
0 0.353668 0.671881 0.351191 0.365741
