3 0.479304 0.476004 0.822827 0.763969
1 0.979049 0.479921 0.0419028 0.144735
1 0.971453 0.476445 0.0549488 0.196892
0 0.979049 0.479921 0.0419028 0.144735
1 0.966619 0.521525 0.0667623 0.317841
2 0.979049 0.479921 0.0419028 0.144735
1 0.981 0.542288 0.0380001 0.285911
3 0.977381 0.551997 0.0452376 0.347315
3 0.975076 0.482438 0.0498478 0.182953
1 0.979227 0.417147 0.0415463 0.265316
1 0.984434 0.488293 0.0311326 0.102643
3 0.966619 0.521525 0.0667623 0.317841
3 0.438852 0.488445 0.352383 0.594319
3 0.921363 0.596405 0.157274 0.640462
4 0.978977 0.480415 0.0420455 0.144791
1 0.984374 0.595018 0.0305535 0.288956
1 0.513855 0.466841 0.716764 0.773478
1 0.983797 0.639011 0.0313586 0.142564
1 0.984004 0.45421 0.0319926 0.157587
