1 0.498216 0.482789 0.583279 0.432498
0 0.498216 0.482789 0.583279 0.432498
3 0.477279 0.487365 0.576687 0.436396
2 0.486982 0.484442 0.589714 0.432562
1 0.611004 0.205282 0.0615621 0.0366127
3 0.478545 0.338842 0.413758 0.108827
3 0.480582 0.359352 0.520808 0.166078
3 0.478682 0.253954 0.183854 0.0644707
1 0.478004 0.353259 0.430125 0.11407
4 0.486982 0.484442 0.589714 0.432562
3 0.447276 0.339528 0.300422 0.0891859
1 0.517548 0.366817 0.600845 0.226486
3 0.486813 0.370035 0.728995 0.364006
1 0.62355 0.0116051 0.065749 0.0222743
